G_Data 376080.000000 1110317196.635264 684.534700 227.571992
G_Data 376080.000000 1110317211.460387 656.090374 229.709016
F_Begin 376080.000000 1110317196.635264 577.159036 238.258257
F_Data 376120.000000 1110317241.631627 571.021660 236.624653
F_Data 376120.000000 1110317270.742162 565.011545 235.134143
F_Data 376160.000000 1110317286.585429 553.261353 230.930095
F_Data 376160.000000 1110317301.779413 539.700480 230.482213
F_Data 376160.000000 1110317315.249827 528.673655 229.839748
F_Data 376200.000000 1110317346.551500 520.015192 228.842361
F_End 376200.000000 1110317346.551500 502.698267 226.847587
G_Data 376200.000000 1110317360.228984 512.309563 226.798670
G_Data 376200.000000 1110317376.486995 681.926688 233.303446
F_Begin 376240.000000 1110317360.228984 844.546459 235.224597
F_Data 376240.000000 1110317422.537120 840.502797 231.805529
F_Data 376280.000000 1110317449.857677 829.062792 228.586680
F_Data 376280.000000 1110317466.827755 819.014414 229.130609
F_Data 376320.000000 1110317494.903544 810.057790 228.873374
F_Data 376320.000000 1110317511.365001 798.987387 229.195816
F_Data 376360.000000 1110317540.213831 779.025241 236.137591
F_Data 376400.000000 1110317572.811352 761.286972 243.182110
F_Data 376400.000000 1110317585.206270 746.115054 249.624257
F_Data 376400.000000 1110317601.963543 730.335082 260.572578
F_Data 376440.000000 1110317617.205220 718.101577 266.935091
F_Data 376440.000000 1110317629.934891 708.101807 272.739018
F_Data 376440.000000 1110317646.444947 699.942233 280.276794
F_Data 376480.000000 1110317661.594861 701.974174 285.667628
F_Data 376480.000000 1110317674.995850 711.690223 289.628469
F_End 376480.000000 1110317674.995850 731.122323 297.550150
G_Data 376480.000000 1110317691.421689 715.685987 295.479649
G_Data 376520.000000 1110317720.913160 730.570530 295.065423
F_Begin 376520.000000 1110317691.421689 772.007117 285.653290
F_Data 376520.000000 1110317751.572192 770.724142 286.241466
F_Data 376560.000000 1110317764.812596 765.578054 286.261119
F_Data 376560.000000 1110317781.863871 762.092218 285.056868
F_Data 376560.000000 1110317796.635264 759.956404 281.028116
F_Data 376600.000000 1110317809.525822 758.365698 277.046635
F_Data 376600.000000 1110317826.749152 755.910181 277.859599
F_Data 376600.000000 1110317841.466816 755.046585 276.961672
F_Data 376640.000000 1110317872.707817 753.576437 276.694567
F_Data 376640.000000 1110317886.505740 754.538847 274.679854
F_Data 376680.000000 1110317900.052220 748.403935 277.042214
F_Data 376680.000000 1110317916.681809 736.653356 276.714601
F_Data 376680.000000 1110317931.832328 719.284775 277.986722
F_Data 376720.000000 1110317944.637763 707.705721 278.834803
F_Data 376720.000000 1110317961.617802 703.132893 277.773234
F_Data 376720.000000 1110317976.540724 699.246849 276.990945
F_Data 376760.000000 1110317989.739774 691.613747 277.187832
F_Data 376760.000000 1110318022.585416 686.543348 276.309417
F_Data 376800.000000 1110318034.814618 682.469977 275.389690
F_Data 376800.000000 1110318051.624413 675.333461 277.807325
F_Data 376800.000000 1110318066.807531 669.551772 283.418708
F_Data 376800.000000 1110318079.847807 665.324242 288.058497
F_Data 376840.000000 1110318096.859540 661.041999 291.039991
F_Data 376840.000000 1110318111.639384 656.950338 285.621573
F_Data 376840.000000 1110318124.834812 653.721630 285.959482
F_Data 376880.000000 1110318141.545901 649.766014 286.072935
F_Data 376880.000000 1110318171.064841 647.203800 283.816919
F_Data 376920.000000 1110318186.579089 644.333395 281.388492
F_Data 376920.000000 1110318201.811711 639.878047 281.246767
F_Data 376920.000000 1110318214.960956 636.285097 280.976265
F_Data 376960.000000 1110318233.117308 633.260233 281.062701
F_Data 376960.000000 1110318246.791170 631.497727 279.582350
F_Data 376960.000000 1110318259.712517 628.688298 280.995822
F_Data 377000.000000 1110318276.499974 625.141144 279.500661
F_Data 377000.000000 1110318291.512848 621.024107 279.897451
F_Data 377040.000000 1110318322.598094 620.707101 279.171739
F_Data 377040.000000 1110318336.524605 620.136432 278.181647
F_Data 377040.000000 1110318349.909897 618.556079 278.941250
F_Data 377080.000000 1110318366.787608 614.667720 280.720649
F_Data 377080.000000 1110318381.615749 613.559322 279.052147
F_Data 377080.000000 1110318394.634594 610.213477 278.301939
F_Data 377120.000000 1110318411.971723 607.860989 282.784471
F_Data 377120.000000 1110318426.450622 604.129305 287.540685
F_Data 377120.000000 1110318439.671405 601.687863 290.247063
F_Data 377160.000000 1110318472.488371 599.884085 288.219668
F_Data 377160.000000 1110318484.971732 596.118097 290.868664
F_Data 377160.000000 1110318501.556647 593.841114 287.134561
F_Data 377200.000000 1110318516.691469 591.738294 284.487198
F_Data 377200.000000 1110318530.221348 587.499602 281.996189
F_Data 377200.000000 1110318546.777889 584.426093 285.620036
F_Data 377240.000000 1110318561.684813 580.769548 283.762993
F_Data 377240.000000 1110318574.881750 577.731985 281.806099
F_Data 377240.000000 1110318591.404484 575.804026 280.784900
F_Data 377280.000000 1110318620.955721 574.463726 278.346277
F_Data 377280.000000 1110318636.369152 573.510473 277.585553
F_Data 377320.000000 1110318651.676331 571.815870 279.239276
F_Data 377320.000000 1110318664.842479 569.739283 280.196391
F_Data 377320.000000 1110318681.766071 568.810252 280.784225
F_Data 377360.000000 1110318696.688390 567.693863 281.200016
F_Data 377360.000000 1110318709.626640 565.942612 283.389396
F_Data 377360.000000 1110318726.396892 563.414567 285.916456
F_Data 377400.000000 1110318741.495794 561.390529 291.377983
F_Data 377400.000000 1110318772.545119 559.897368 289.708738
F_Data 377440.000000 1110318786.595390 558.858568 288.788414
F_Data 377440.000000 1110318800.248725 556.859094 289.177919
F_Data 377440.000000 1110318816.651323 552.804426 288.407496
F_Data 377480.000000 1110318832.377169 549.504562 288.428514
F_Data 377480.000000 1110318844.818270 547.284765 288.672938
F_Data 377480.000000 1110318861.401375 547.205092 293.817898
F_Data 377520.000000 1110318876.593548 543.696109 298.105584
F_Data 377520.000000 1110318889.869872 541.753115 301.176655
F_Data 377560.000000 1110318922.608961 539.708362 307.257323
F_Data 377560.000000 1110318934.692368 538.438355 309.441202
F_End 377560.000000 1110318951.807334 -1.#IND00 -1.#IND00
G_Data 377560.000000 1110318966.415728 537.569084 313.113118
G_Data 377600.000000 1110318979.960699 557.799809 297.886555
G_Data 377600.000000 1110319011.597125 612.430957 287.236313
G_Data 377640.000000 1110319024.488890 643.251015 281.887720
G_Data 377680.000000 1110319070.480457 637.682521 280.847768
G_Data 377680.000000 1110319086.286897 666.991188 278.995431
G_Data 377680.000000 1110319101.908304 691.045268 268.677326
F_Begin 377720.000000 1110319086.286897 694.790241 265.903129
F_Data 377720.000000 1110319146.753137 687.621137 254.965720
F_Data 377760.000000 1110319159.780433 679.132500 251.979024
F_Data 377760.000000 1110319176.197218 673.495840 251.642543
F_Data 377760.000000 1110319191.510433 669.137391 247.398922
F_Data 377800.000000 1110319222.543459 667.509645 244.130673
F_Data 377800.000000 1110319236.450048 666.053119 243.695349
F_Data 377800.000000 1110319250.137191 664.390878 242.549203
F_Data 377840.000000 1110319266.755310 661.417459 235.012477
F_Data 377840.000000 1110319281.887415 660.873307 228.806356
F_Data 377840.000000 1110319295.113632 660.798956 224.931302
F_Data 377880.000000 1110319311.659307 659.708497 220.618371
F_Data 377880.000000 1110319326.735569 656.692198 214.039627
F_Data 377880.000000 1110319339.864288 655.064251 208.547056
F_Data 377920.000000 1110319372.498332 656.469315 205.563529
F_Data 377920.000000 1110319384.835899 658.252455 207.407023
F_Data 377960.000000 1110319401.672558 656.763806 210.383754
F_Data 377960.000000 1110319416.581293 656.126852 211.924535
F_Data 377960.000000 1110319431.133240 655.961780 209.083005
F_Data 378000.000000 1110319446.699106 656.398989 207.082829
F_Data 378000.000000 1110319462.050958 657.482138 204.896775
F_Data 378000.000000 1110319475.049277 657.931614 206.558237
F_Data 378040.000000 1110319491.403880 659.722214 204.481983
F_Data 378040.000000 1110319520.970814 662.076086 197.115410
F_Data 378080.000000 1110319536.382735 663.366949 199.295789
F_Data 378080.000000 1110319551.516350 661.780257 201.795903
F_Data 378080.000000 1110319565.251789 659.768889 208.298312
F_End 378120.000000 1110319565.251789 655.746154 221.303130
G_Data 378120.000000 1110319581.984310 660.645397 208.897398
G_Data 378120.000000 1110319596.473170 606.228580 222.199606
G_Data 378120.000000 1110319609.767605 571.027173 229.460329
G_Data 378160.000000 1110319626.435227 560.300170 228.721432
F_Begin 378160.000000 1110319596.473170 503.062154 240.173646
F_Data 378160.000000 1110319641.438442 503.339171 237.314409
F_Data 378200.000000 1110319672.558099 502.177311 236.070734
F_Data 378200.000000 1110319686.398884 500.998259 234.669269
F_Data 378200.000000 1110319700.899517 501.176523 233.151354
F_Data 378200.000000 1110319716.769044 503.623018 229.384684
F_Data 378240.000000 1110319731.696193 505.347742 226.896818
F_Data 378240.000000 1110319744.836683 506.227337 227.181547
F_Data 378240.000000 1110319761.584598 506.957884 228.364097
F_Data 378280.000000 1110319776.356595 507.701525 231.036615
F_Data 378280.000000 1110319789.804672 507.644256 228.006243
F_Data 378320.000000 1110319822.410645 505.150760 224.288265
F_Data 378320.000000 1110319834.698405 506.094603 221.655666
F_Data 378320.000000 1110319851.274265 506.381450 219.889478
F_Data 378360.000000 1110319866.850092 506.936737 219.453128
F_Data 378360.000000 1110319879.964623 506.800997 220.404630
F_Data 378360.000000 1110319896.703784 507.428850 221.666543
F_Data 378400.000000 1110319911.626103 508.614797 222.788767
F_Data 378400.000000 1110319924.834208 509.730999 224.863232
F_Data 378400.000000 1110319941.311363 510.998728 222.917563
F_Data 378440.000000 1110319970.996019 512.311696 220.679139
F_Data 378440.000000 1110319986.310140 512.473677 224.154300
F_Data 378480.000000 1110320001.709987 511.295781 220.090593
F_Data 378480.000000 1110320015.160177 509.858370 223.365118
F_Data 378480.000000 1110320031.789767 508.861549 220.423024
F_Data 378520.000000 1110320047.143733 506.994207 222.440243
F_Data 378520.000000 1110320076.461941 504.983508 218.075719
F_End 378520.000000 1110320076.461941 500.962109 209.346671
G_Data 378560.000000 1110320122.455620 639.882529 198.175162
G_Data 378600.000000 1110320136.376698 653.134945 196.612650
F_Begin 378600.000000 1110320122.455620 673.751767 192.430108
F_Data 378600.000000 1110320166.783081 671.961525 190.213909
F_Data 378600.000000 1110320181.907338 672.389773 190.737945
F_Data 378640.000000 1110320195.002551 672.571219 189.821496
F_Data 378640.000000 1110320211.524681 670.295753 189.716981
F_Data 378640.000000 1110320226.415909 670.100994 187.969452
F_Data 378680.000000 1110320239.749886 670.281944 186.724950
F_Data 378680.000000 1110320272.444603 668.022137 187.505601
F_Data 378720.000000 1110320284.774925 666.767197 184.758284
F_Data 378720.000000 1110320301.344446 665.986621 181.064620
F_Data 378720.000000 1110320316.654945 667.710709 181.559667
F_Data 378760.000000 1110320330.605604 668.954484 180.983777
F_Data 378760.000000 1110320346.877198 668.117724 178.399610
F_Data 378760.000000 1110320361.641347 667.243055 175.373319
F_Data 378800.000000 1110320374.893522 666.083002 172.497673
F_Data 378800.000000 1110320391.341095 667.326025 168.310170
F_Data 378840.000000 1110320421.046881 666.537268 163.100672
F_Data 378840.000000 1110320436.336854 666.107262 161.643603
F_Data 378840.000000 1110320451.863781 665.787829 163.861792
F_Data 378840.000000 1110320465.055888 666.087303 166.505310
F_Data 378880.000000 1110320481.528816 664.802017 164.538204
F_Data 378880.000000 1110320496.449324 666.409314 160.339753
F_Data 378880.000000 1110320509.698783 667.490141 157.757487
F_Data 378920.000000 1110320526.280680 667.007663 155.251450
F_Data 378920.000000 1110320541.575784 664.807566 157.013194
F_Data 378960.000000 1110320572.569267 657.999617 162.954858
F_End 378960.000000 1110320572.569267 644.383717 174.838186
G_Data 378960.000000 1110320586.293237 655.862353 163.911992
G_Data 378960.000000 1110320600.060068 547.441224 187.813767
F_Begin 379000.000000 1110320586.293237 436.026196 212.087113
F_Data 379000.000000 1110320631.659971 440.218246 213.305286
F_Data 379000.000000 1110320644.973724 441.502828 212.876967
F_Data 379040.000000 1110320661.672135 441.565846 210.172486
F_Data 379040.000000 1110320676.545856 444.691263 206.936495
F_Data 379040.000000 1110320689.702948 448.870928 205.253027
F_Data 379080.000000 1110320722.566098 449.328271 204.417796
F_Data 379080.000000 1110320734.698707 451.583660 204.777124
F_End 379120.000000 1110320734.698707 456.094438 205.495778
G_Data 379120.000000 1110320751.478015 451.130998 202.449088
G_Data 379120.000000 1110320766.710335 440.188806 196.419025
G_Data 379120.000000 1110320780.311148 379.531849 215.857597
F_Begin 379160.000000 1110320766.710335 263.047390 255.859775
F_Data 379160.000000 1110320811.582033 265.116665 253.828780
F_Data 379200.000000 1110320841.315287 273.059301 257.845847
F_Data 379200.000000 1110320870.556221 283.121549 259.610781
F_End 379200.000000 1110320870.556221 303.246044 263.140648
G_Data 379200.000000 1110320886.211133 291.099337 260.503180
G_Data 379240.000000 1110320901.358934 292.221068 256.021713
G_Data 379240.000000 1110320914.949787 299.065531 244.385346
G_Data 379240.000000 1110320931.614995 306.936913 248.922983
G_Data 379280.000000 1110320946.618209 304.485970 257.918829
G_Data 379280.000000 1110320959.658787 314.591984 262.962612
G_Data 379280.000000 1110320976.199632 309.425814 261.682010
F_Begin 379320.000000 1110320959.658787 344.771218 284.064355
F_Data 379320.000000 1110321022.219271 349.317048 278.020593
F_Data 379360.000000 1110321036.242374 350.358272 281.382538
F_Data 379360.000000 1110321049.645174 353.114833 286.235801
F_Data 379360.000000 1110321066.504472 353.041417 291.732703
F_Data 379400.000000 1110321081.554172 356.648163 296.575859
F_Data 379400.000000 1110321094.803027 359.508351 298.935721
F_Data 379400.000000 1110321111.379792 363.288896 301.129579
F_Data 379440.000000 1110321126.410777 371.053534 302.218473
F_Data 379440.000000 1110321139.454072 377.376390 303.728054
F_Data 379480.000000 1110321172.646541 383.395186 301.722152
F_Data 379480.000000 1110321184.711234 388.857010 302.613797
F_Data 379520.000000 1110321216.808587 393.527839 305.906920
F_Data 379520.000000 1110321229.915874 398.697622 307.111658
F_Data 379520.000000 1110321261.391715 407.024096 307.435689
F_Data 379560.000000 1110321274.243033 409.647986 305.186402
F_Data 379600.000000 1110321320.412993 412.193201 304.577715
F_End 379600.000000 1110321320.412993 417.283630 303.360342
G_Data 379600.000000 1110321336.011156 418.398324 303.146273
G_Data 379600.000000 1110321351.349124 454.029746 306.646937
G_Data 379640.000000 1110321364.735020 457.893292 307.262310
F_Begin 379640.000000 1110321336.011156 455.583596 307.667380
F_Data 379640.000000 1110321381.388757 456.670319 306.375016
F_Data 379640.000000 1110321396.822714 462.494276 305.225273
F_End 379680.000000 1110321396.822714 474.142190 302.925786
G_Data 379680.000000 1110321409.230008 469.180578 304.649207
G_Data 379680.000000 1110321426.105907 502.481048 313.353492
G_Data 379680.000000 1110321441.417614 537.891487 319.605989
F_Begin 379720.000000 1110321426.105907 575.103645 325.922583
F_Data 379720.000000 1110321486.368095 579.378471 325.587588
F_Data 379760.000000 1110321500.104441 582.570647 327.145815
F_Data 379760.000000 1110321516.662491 585.038420 328.815822
F_Data 379760.000000 1110321531.656952 586.308401 331.103830
F_Data 379800.000000 1110321544.550528 591.646746 329.252359
F_Data 379800.000000 1110321561.429145 596.595185 329.294700
F_Data 379800.000000 1110321576.394025 601.331401 330.194645
F_Data 379840.000000 1110321589.478975 605.721573 329.099067
F_Data 379840.000000 1110321622.371102 612.418113 325.048985
F_End 379840.000000 1110321622.371102 625.811195 316.948821
G_Data 379840.000000 1110321634.444247 618.777236 322.649394
G_Data 379880.000000 1110321651.407683 574.280007 318.806003
F_Begin 379880.000000 1110321634.444247 569.344660 319.049029
F_Data 379880.000000 1110321680.372122 569.135810 318.073985
F_Data 379920.000000 1110321696.659110 570.193285 319.491628
F_Data 379920.000000 1110321711.570260 572.842982 320.955018
F_Data 379920.000000 1110321724.614762 575.030252 323.550193
F_Data 379960.000000 1110321741.295666 579.682923 323.798305
F_Data 379960.000000 1110321770.788043 584.663747 324.506265
F_Data 380000.000000 1110321786.413373 589.110275 326.114746
F_Data 380000.000000 1110321801.325127 593.903602 328.005024
F_Data 380000.000000 1110321815.012572 598.611007 329.050322
F_Data 380040.000000 1110321831.703135 602.377729 330.278092
F_Data 380040.000000 1110321846.713594 605.990543 331.127687
F_Data 380040.000000 1110321859.522954 611.226145 330.974548
F_Data 380080.000000 1110321876.369876 615.432350 326.464208
F_Data 380080.000000 1110321891.396334 618.878804 323.812675
F_Data 380120.000000 1110321922.391326 624.337553 321.394970
F_Data 380120.000000 1110321936.444917 625.957580 320.609199
F_Data 380120.000000 1110321949.975097 630.289062 319.439186
F_Data 380160.000000 1110321966.914990 633.223237 317.416249
F_Data 380160.000000 1110321981.868399 635.911846 318.095337
F_Data 380160.000000 1110321994.622218 638.400395 318.855268
F_Data 380200.000000 1110322011.646931 639.823966 318.420422
F_Data 380200.000000 1110322026.781149 641.770474 316.311529
F_Data 380200.000000 1110322039.471579 643.003894 313.978221
F_Data 380240.000000 1110322072.485655 645.097244 311.333129
F_Data 380240.000000 1110322084.542499 647.656216 310.002835
F_Data 380240.000000 1110322101.285584 651.986964 310.579876
F_Data 380280.000000 1110322116.526960 657.134414 314.069453
F_Data 380280.000000 1110322129.630926 660.646550 316.932738
F_Data 380280.000000 1110322146.802943 661.711284 318.925073
F_End 380320.000000 1110322146.802943 663.840752 322.909742
G_Data 380320.000000 1110322161.506419 664.206006 318.859386
G_Data 380320.000000 1110322174.683132 667.527109 318.098996
G_Data 380320.000000 1110322191.300949 767.868649 289.103931
G_Data 380360.000000 1110322220.913764 1018.486581 205.493874
G_Data 380360.000000 1110322236.389376 1040.152714 189.300625
G_Data 380400.000000 1110322251.398930 1076.283499 169.286342
F_Begin 380400.000000 1110322236.389376 1088.809464 160.332964
F_Data 380400.000000 1110322281.878360 1088.892766 154.045746
F_End 380440.000000 1110322281.878360 1089.059370 141.471310
G_Data 380440.000000 1110322309.727760 1080.587813 150.163866
G_Data 380440.000000 1110322326.301507 1081.170342 149.132755
G_Data 380480.000000 1110322372.296696 1081.307140 141.754897
G_Data 380520.000000 1110322399.803495 1104.383571 159.378895
F_Begin 380520.000000 1110322386.340929 1114.137314 163.799027
F_Data 380560.000000 1110322445.032887 1112.361009 170.800746
F_Data 380560.000000 1110322461.361229 1112.255730 181.934110
F_Data 380560.000000 1110322476.141073 1100.449444 189.089935
F_Data 380600.000000 1110322489.725587 1099.885062 199.413588
F_Data 380600.000000 1110322522.175804 1087.886783 200.361976
F_End 380640.000000 1110322522.175804 1063.890225 202.258751
G_Data 380640.000000 1110322534.306602 1087.755359 208.487079
G_Data 380640.000000 1110322551.424285 1094.252985 209.952905
G_Data 380640.000000 1110322566.183906 1083.902237 207.058224
G_Data 380680.000000 1110322580.470828 1085.646780 223.206351
F_Begin 380680.000000 1110322566.183906 1081.845058 222.334724
F_End 380680.000000 1110322596.644018 1096.040961 214.947836
G_Data 380680.000000 1110322611.447105 1073.143405 219.035182
G_Data 380720.000000 1110322624.396826 1072.996760 215.828511
G_Data 380720.000000 1110322641.126328 1088.099599 211.214752
G_Data 380760.000000 1110322670.820341 1046.194957 215.174025
G_Data 380760.000000 1110322686.215359 1053.689252 212.895293
G_Data 380760.000000 1110322701.500804 1056.877955 213.691988
G_Data 380800.000000 1110322714.992952 1055.950458 220.089236
F_Begin 380800.000000 1110322701.500804 1061.104948 227.340536
F_Data 380800.000000 1110322746.292512 1061.473963 225.248226
F_Data 380800.000000 1110322759.754172 1071.157791 226.313301
F_Data 380840.000000 1110322776.161599 1083.856759 223.348249
F_Data 380840.000000 1110322791.100218 1076.828423 221.334584
F_Data 380880.000000 1110322822.113925 1082.737339 224.593803
F_Data 380880.000000 1110322836.088129 1074.581136 224.602935
F_Data 380880.000000 1110322849.320986 1081.486569 224.257881
F_Data 380920.000000 1110322866.302835 1088.991327 219.565574
F_Data 380920.000000 1110322881.395398 1084.819244 209.565923
F_Data 380920.000000 1110322894.454993 1090.534693 208.393538
F_Data 380960.000000 1110322911.447105 1095.613065 217.772306
F_Data 380960.000000 1110322926.137602 1101.240217 227.020783
F_Data 380960.000000 1110322939.285035 1107.341401 238.414977
F_Data 381000.000000 1110322972.236023 1113.089869 241.985535
F_End 381000.000000 1110322972.236023 1124.586805 249.126649
G_Data 381000.000000 1110322984.806619 1115.772979 252.292665
G_Data 381040.000000 1110323001.241212 1100.424864 272.911390
G_Data 381040.000000 1110323016.360942 1084.733789 280.521609
F_Begin 381040.000000 1110322984.806619 1078.613316 291.633438
F_End 381040.000000 1110323016.360942 1051.124112 289.990482
G_Data 381040.000000 1110323029.666545 1058.648257 287.923423
G_Data 381080.000000 1110323046.865727 1068.124891 284.011095
G_Data 381080.000000 1110323061.642252 1058.704621 284.396474
G_Data 381080.000000 1110323074.321514 1075.172987 287.141732
G_Data 381120.000000 1110323091.284347 1080.220120 307.598932
F_Begin 381120.000000 1110323074.321514 1088.115918 310.449755
F_Data 381160.000000 1110323136.325686 1086.046945 311.428339
F_End 381160.000000 1110323136.325686 1081.908998 313.385509
G_Data 381160.000000 1110323151.110964 1078.541523 321.806503
G_Data 381160.000000 1110323164.453091 1071.916963 343.967148
G_Data 381160.000000 1110323181.473276 1073.244233 342.948398
F_Begin 381160.000000 1110323151.110964 1062.448752 348.611518
F_Data 381200.000000 1110323196.590892 1054.430249 341.881262
F_Data 381200.000000 1110323209.300943 1060.389473 336.275486
F_Data 381200.000000 1110323226.176541 1063.319051 333.671218
F_Data 381240.000000 1110323241.138402 1055.308993 327.967904
F_Data 381240.000000 1110323272.137318 1060.380794 332.471683
F_Data 381280.000000 1110323286.118465 1052.389790 331.506958
F_Data 381280.000000 1110323299.547827 1054.153843 336.463157
F_Data 381280.000000 1110323316.165342 1054.824923 339.713760
F_Data 381320.000000 1110323331.342423 1042.170040 336.085078
F_Data 381320.000000 1110323344.907316 1046.293621 335.614603
F_Data 381320.000000 1110323361.446652 1045.577735 335.896399
F_Data 381360.000000 1110323376.129905 1036.931510 332.829086
F_Data 381360.000000 1110323389.336803 1040.506397 331.926112
F_Data 381400.000000 1110323422.163730 1034.473315 330.242588
F_Data 381400.000000 1110323434.370595 1038.641186 333.077082
F_Data 381400.000000 1110323451.458696 1041.832464 330.732776
F_Data 381440.000000 1110323466.855827 1033.321356 332.584312
F_Data 381440.000000 1110323479.606628 1039.736465 327.986737
F_Data 381440.000000 1110323496.580931 1048.724366 322.044878
F_Data 381480.000000 1110323512.178189 1039.657035 320.174345
F_Data 381480.000000 1110323524.447537 1042.820625 321.766366
F_Data 381480.000000 1110323541.162550 1042.085421 325.297561
F_Data 381520.000000 1110323570.756349 1030.460711 325.313182
F_End 381520.000000 1110323570.756349 1007.211291 325.344422
G_Data 381520.000000 1110323586.058094 1027.724894 321.487054
G_Data 381520.000000 1110323601.177220 936.105692 330.698334
G_Data 381560.000000 1110323614.576397 816.006177 325.651076
G_Data 381560.000000 1110323631.364760 735.774694 319.319857
G_Data 381560.000000 1110323646.503506 685.291189 328.482880
G_Data 381600.000000 1110323659.534123 679.362574 330.009741
G_Data 381600.000000 1110323676.367764 643.045011 333.090354
F_Begin 381600.000000 1110323659.534123 625.509713 346.670072
F_Data 381640.000000 1110323722.162523 624.949705 348.148099
F_Data 381640.000000 1110323736.109258 624.734454 345.176802
F_Data 381680.000000 1110323749.479457 624.950863 342.306119
F_Data 381680.000000 1110323767.550688 625.043078 337.100400
F_Data 381680.000000 1110323781.421357 629.301968 334.833306
F_Data 381720.000000 1110323794.397943 636.830648 333.068207
F_Data 381720.000000 1110323811.613123 641.987237 332.609324
F_Data 381720.000000 1110323826.264681 647.430464 332.869479
F_Data 381760.000000 1110323839.487275 654.698986 332.745542
F_Data 381760.000000 1110323872.223949 661.159048 332.299872
F_Data 381800.000000 1110323884.380707 672.907416 331.136695
F_Data 381800.000000 1110323901.194124 689.744853 326.435181
F_Data 381800.000000 1110323917.524276 704.274762 322.542228
F_Data 381800.000000 1110323929.572669 714.280252 320.746699
F_Data 381840.000000 1110323946.595269 721.420930 316.838759
F_Data 381840.000000 1110323961.266447 726.497823 313.263476
F_Data 381880.000000 1110323974.281368 729.670921 312.362510
F_Data 381880.000000 1110323991.148514 729.442250 313.035029
F_Data 381880.000000 1110324020.675302 727.262137 315.164984
F_Data 381920.000000 1110324036.218226 729.634415 312.089327
F_Data 381960.000000 1110324081.669479 734.129648 306.786817
F_Data 382000.000000 1110324126.332598 737.913671 304.830670
F_Data 382000.000000 1110324141.209337 730.070423 308.073814
F_Data 382040.000000 1110324172.111057 735.577586 306.379137
F_Data 382040.000000 1110324186.135066 740.487417 306.380244
F_Data 382040.000000 1110324199.730749 744.456211 306.690425
F_Data 382080.000000 1110324216.589745 747.808073 310.453895
F_Data 382080.000000 1110324231.577867 749.937654 311.127254
F_Data 382080.000000 1110324245.106840 753.456971 314.147357
F_Data 382120.000000 1110324262.858109 761.493567 306.604300
F_Data 382120.000000 1110324276.523519 766.259193 301.437684
F_Data 382120.000000 1110324289.529082 770.805929 298.287997
F_Data 382160.000000 1110324322.301978 774.705250 296.476942
F_Data 382160.000000 1110324334.451189 778.682245 290.312044
F_Data 382160.000000 1110324351.189445 779.459263 292.010512
F_Data 382200.000000 1110324367.814205 780.293667 296.180340
F_Data 382200.000000 1110324379.780796 780.583174 299.185270
F_Data 382200.000000 1110324396.574592 774.722610 302.578777
F_Data 382240.000000 1110324411.266900 767.364282 306.598885
F_Data 382240.000000 1110324424.429124 758.456453 313.361756
F_Data 382240.000000 1110324441.189717 754.021907 318.238723
F_Data 382280.000000 1110324470.509736 751.577538 321.578043
F_Data 382280.000000 1110324486.152876 750.689219 323.821234
F_End 382320.000000 1110324486.152876 748.912581 328.307615
G_Data 382320.000000 1110324501.272605 743.359970 327.787340
G_Data 382320.000000 1110324514.649445 741.714688 329.862451
G_Data 382320.000000 1110324531.265149 752.570797 327.291116
G_Data 382360.000000 1110324546.716915 729.265672 332.772305
G_Data 382360.000000 1110324559.675993 730.757265 331.509017
G_Data 382360.000000 1110324576.085231 738.616499 328.815756
G_Data 382400.000000 1110324591.214016 732.115524 339.828963
G_Data 382400.000000 1110324622.144110 735.205081 343.345393
F_Begin 382440.000000 1110324591.214016 736.635719 348.676141
F_Data 382440.000000 1110324649.417578 740.858622 343.176608
F_Data 382440.000000 1110324667.295624 744.639479 342.580059
F_Data 382480.000000 1110324682.086939 748.904310 339.133629
F_Data 382480.000000 1110324694.865510 752.085270 340.124468
F_Data 382480.000000 1110324711.255128 755.566357 340.591047
F_Data 382520.000000 1110324726.478090 758.378455 339.402659
F_Data 382520.000000 1110324739.480635 760.060620 339.387195
F_Data 382520.000000 1110324772.195877 762.178844 337.565697
F_Data 382560.000000 1110324784.423570 763.238427 337.767042
F_End 382560.000000 1110324784.423570 765.357591 338.169733
G_Data 382560.000000 1110324801.664408 764.791860 337.379102
G_Data 382560.000000 1110324817.192240 764.789206 338.213013
G_Data 382600.000000 1110324829.602854 764.710834 339.602720
G_Data 382600.000000 1110324846.312434 750.544365 342.433820
G_Data 382600.000000 1110324861.815515 745.118544 342.774791
G_Data 382640.000000 1110324874.323325 754.528299 340.135514
G_Data 382640.000000 1110324891.131912 744.179929 347.156274
G_Data 382680.000000 1110324920.307647 750.969394 346.059184
G_Data 382680.000000 1110324936.101410 763.001474 345.160333
F_Begin 382680.000000 1110324920.307647 775.846355 345.451891
F_Data 382720.000000 1110324964.529157 778.241392 345.732986
F_Data 382720.000000 1110324981.349517 778.946933 344.638167
F_Data 382720.000000 1110324996.102497 778.152427 344.625082
F_Data 382760.000000 1110325009.522200 777.731883 345.323124
F_Data 382760.000000 1110325026.434020 779.145195 342.252204
F_Data 382760.000000 1110325041.382901 780.098707 343.499360
F_Data 382800.000000 1110325072.294884 776.532479 350.763397
F_Data 382800.000000 1110325086.166459 776.771493 351.183507
F_Data 382800.000000 1110325099.513416 777.791319 352.526358
F_Data 382840.000000 1110325117.567743 780.002612 350.540068
F_Data 382840.000000 1110325135.042516 780.615679 349.538282
F_Data 382840.000000 1110325144.717452 781.014117 349.793423
F_Data 382880.000000 1110325161.783518 781.956824 348.951782
F_Data 382880.000000 1110325176.242193 783.790231 352.772208
F_Data 382880.000000 1110325189.301486 785.408340 356.234037
F_Data 382920.000000 1110325222.219573 785.648190 353.702075
F_Data 382920.000000 1110325234.250458 783.602890 353.252805
F_Data 382960.000000 1110325251.257361 782.709429 352.883687
F_Data 382960.000000 1110325266.324870 788.014018 350.828686
F_End 382960.000000 1110325266.324870 798.623196 346.718683
G_Data 382960.000000 1110325279.927193 796.271673 347.451762
G_Data 383000.000000 1110325296.445098 826.816893 350.089137
G_Data 383000.000000 1110325311.768577 879.182115 349.524267
G_Data 383000.000000 1110325324.394713 1022.288850 330.827328
G_Data 383040.000000 1110325341.187302 1039.938441 328.578746
F_Begin 383040.000000 1110325324.394713 1186.264856 309.476347
F_Data 383080.000000 1110325386.152876 1184.380229 311.162663
F_Data 383080.000000 1110325401.315166 1184.148154 313.673846
F_Data 383080.000000 1110325414.546816 1181.656397 319.028429
F_Data 383120.000000 1110325431.756563 1177.929493 324.701057
F_Data 383120.000000 1110325446.220973 1173.841951 330.830979
F_Data 383120.000000 1110325459.000148 1173.001862 330.910739
F_Data 383160.000000 1110325477.011612 1173.746951 331.311583
F_Data 383160.000000 1110325491.341095 1175.774326 332.186457
F_Data 383200.000000 1110325522.373215 1178.568010 330.474486
F_Data 383200.000000 1110325536.681870 1179.521033 329.364080
F_Data 383200.000000 1110325550.145341 1181.551369 328.785538
F_Data 383200.000000 1110325566.901105 1182.842981 328.811648
F_Data 383240.000000 1110325581.642011 1185.091459 329.122709
F_Data 383240.000000 1110325594.561546 1187.266143 330.060685
F_Data 383240.000000 1110325612.253954 1188.437127 329.859197
F_Data 383280.000000 1110325626.401420 1187.355180 330.299934
F_Data 383280.000000 1110325638.963262 1187.065068 330.986579
F_End 383320.000000 1110325638.963262 1186.484843 332.359871
G_Data 383320.000000 1110325672.164485 1188.148532 333.142379
G_Data 383320.000000 1110325684.159148 1191.518664 346.819149
F_Begin 383320.000000 1110325672.164485 1194.455722 351.987996
F_End 383360.000000 1110325701.315166 1195.526123 352.971612
G_Data 383360.000000 1110325717.601852 1194.155056 350.641943
G_Data 383360.000000 1110325729.620663 1195.306889 355.005701
G_Data 383360.000000 1110325746.339299 1194.117612 354.974361
G_Data 383400.000000 1110325761.552300 1197.692027 361.284479
G_Data 383400.000000 1110325774.146742 1201.674051 357.518673
G_Data 383400.000000 1110325791.018114 1202.344062 355.390194
F_Begin 383440.000000 1110325774.146742 1209.943155 338.573696
F_Data 383440.000000 1110325835.960747 1211.333386 336.808696
F_Data 383480.000000 1110325863.972544 1210.809492 339.073305
F_End 383480.000000 1110325863.972544 1209.761703 343.602522
G_Data 383480.000000 1110325881.212778 1211.124874 338.938324
G_Data 383520.000000 1110325896.300813 983.318780 302.774013
G_Data 383520.000000 1110325908.989432 938.564301 320.276004
G_Data 383520.000000 1110325926.111944 951.918013 342.510952
G_Data 383520.000000 1110325940.796706 937.739862 331.266362
G_Data 383560.000000 1110325971.859615 943.538951 347.137061
G_Data 383560.000000 1110325985.745075 943.242556 352.074001
G_Data 383600.000000 1110325998.991515 836.962860 375.394249
G_Data 383600.000000 1110326015.722526 730.906564 389.469471
F_Begin 383600.000000 1110325998.991515 433.184964 426.315555
F_Data 383640.000000 1110326044.237509 432.150076 431.201558
F_Data 383640.000000 1110326061.155668 433.555914 426.562390
F_Data 383640.000000 1110326076.097909 436.598038 423.200861
F_End 383680.000000 1110326076.097909 442.682287 416.477803
G_Data 383680.000000 1110326088.963413 437.902310 427.837864
G_Data 383680.000000 1110326122.139280 457.745213 436.126113
G_Data 383720.000000 1110326134.316563 457.468330 426.963632
G_Data 383720.000000 1110326151.001995 472.747155 421.959800
F_Begin 383720.000000 1110326134.316563 488.790428 407.852319
F_Data 383760.000000 1110326179.479850 493.889116 402.058889
F_Data 383760.000000 1110326196.341865 500.055056 394.299558
F_Data 383760.000000 1110326211.504457 508.342188 392.707384
F_Data 383800.000000 1110326224.067808 515.421859 389.620752
F_Data 383800.000000 1110326241.058109 523.152466 385.633779
F_Data 383800.000000 1110326270.173776 530.710247 383.201512
F_Data 383840.000000 1110326285.989876 538.514150 381.727633
F_Data 383840.000000 1110326301.266266 549.938783 381.736692
F_Data 383840.000000 1110326314.291751 558.694197 380.598584
F_Data 383880.000000 1110326331.241001 568.175218 378.562131
F_Data 383880.000000 1110326346.432571 578.021028 378.911040
F_Data 383880.000000 1110326359.436323 583.908843 378.241021
F_Data 383920.000000 1110326376.149827 588.785565 379.290330
F_Data 383920.000000 1110326391.040149 591.950482 379.505101
F_Data 383960.000000 1110326422.017634 598.332951 381.248095
F_Data 383960.000000 1110326435.960445 606.720278 379.751531
F_Data 383960.000000 1110326449.538620 616.271433 377.921529
F_Data 384000.000000 1110326467.251252 622.143189 376.322581
F_End 384000.000000 1110326467.251252 633.886699 373.124687
G_Data 384000.000000 1110326481.489274 626.594911 376.370073
G_Data 384000.000000 1110326494.583581 478.027460 397.244284
G_Data 384040.000000 1110326511.314592 402.206249 411.079155
G_Data 384040.000000 1110326526.294263 391.206746 413.205283
F_Begin 384040.000000 1110326511.314592 360.117807 417.708997
F_Data 384080.000000 1110326572.232401 371.689649 414.638483
F_Data 384120.000000 1110326601.081231 396.821771 411.990779
F_Data 384120.000000 1110326616.975813 418.869543 410.121781
F_Data 384120.000000 1110326629.417820 439.197718 408.481166
F_Data 384160.000000 1110326646.694276 460.659735 407.344021
F_Data 384160.000000 1110326660.918111 480.104080 406.595832
F_Data 384160.000000 1110326674.106596 498.212964 407.191176
F_Data 384200.000000 1110326690.897072 513.702212 406.682675
F_Data 384200.000000 1110326720.075825 529.983285 404.301368
F_Data 384200.000000 1110326735.871701 546.142275 401.911495
F_Data 384240.000000 1110326764.094190 572.993661 401.491619
F_Data 384240.000000 1110326781.251415 595.727083 399.614508
F_Data 384280.000000 1110326796.224143 614.184616 398.973813
F_Data 384280.000000 1110326809.284643 630.577951 398.878702
F_Data 384280.000000 1110326826.070591 647.318144 399.780185
F_Data 384320.000000 1110326840.967856 662.271659 399.087174
F_Data 384320.000000 1110326871.980959 674.017135 395.907432
F_Data 384360.000000 1110326885.999233 684.452153 392.794928
F_End 384360.000000 1110326885.999233 705.322189 386.569919
G_Data 384360.000000 1110326899.397505 695.024204 393.139166
G_Data 384360.000000 1110326916.492247 642.662721 381.795269
G_Data 384400.000000 1110326931.740867 503.350808 336.569574
G_Data 384400.000000 1110326944.579808 493.144565 330.043726
F_Begin 384400.000000 1110326931.740867 481.890592 311.531031
F_Data 384440.000000 1110326976.579361 489.642454 312.389711
F_Data 384480.000000 1110327022.357519 505.666623 325.584320
F_Data 384480.000000 1110327035.069381 518.791895 331.631046
F_Data 384520.000000 1110327066.817794 532.632045 332.284651
F_Data 384520.000000 1110327079.330434 547.349611 330.159107
F_Data 384520.000000 1110327096.347902 564.263195 326.686154
F_Data 384520.000000 1110327111.015156 574.445168 325.090995
F_End 384560.000000 1110327111.015156 594.809113 321.900678
G_Data 384560.000000 1110327124.027360 586.210483 322.550964
G_Data 384560.000000 1110327141.051167 580.022382 314.650207
G_Data 384600.000000 1110327170.277009 587.612180 285.001908
F_Begin 384600.000000 1110327141.051167 583.323720 228.554221
F_Data 384600.000000 1110327201.150053 593.991027 219.848145
F_Data 384640.000000 1110327214.830254 602.815688 218.460726
F_Data 384640.000000 1110327231.308314 613.809651 222.673719
F_Data 384640.000000 1110327246.625756 623.659126 229.485256
F_Data 384680.000000 1110327259.548612 632.940796 235.455936
F_Data 384680.000000 1110327276.289584 642.352916 240.238289
F_Data 384680.000000 1110327297.517273 646.379199 242.683007
F_Data 384720.000000 1110327321.979601 650.140390 243.348120
F_Data 384720.000000 1110327336.015986 654.115315 243.190034
F_Data 384760.000000 1110327349.836548 660.369428 241.462243
F_Data 384760.000000 1110327365.992230 668.125987 243.056767
F_Data 384760.000000 1110327381.522477 673.283853 244.593450
F_Data 384800.000000 1110327394.696172 677.747975 244.124218
F_Data 384800.000000 1110327411.419033 681.552823 239.930263
F_Data 384800.000000 1110327426.099870 686.057035 236.534640
F_Data 384800.000000 1110327439.186028 690.718424 235.536754
F_Data 384840.000000 1110327472.054007 695.413896 233.406184
F_Data 384840.000000 1110327484.040822 698.339323 231.902354
F_Data 384880.000000 1110327500.870841 702.133111 232.388167
F_Data 384880.000000 1110327516.016831 703.262475 227.632053
F_Data 384880.000000 1110327529.722689 705.369677 225.916007
F_Data 384920.000000 1110327546.106874 707.129970 224.740221
F_End 384920.000000 1110327561.534793 -1.#IND00 -1.#IND00
G_Data 384920.000000 1110327574.100559 707.563535 224.882812
G_Data 384960.000000 1110327590.820703 648.501527 231.556390
G_Data 384960.000000 1110327620.198377 417.240845 311.922458
G_Data 385000.000000 1110327635.633239 334.138961 306.643041
G_Data 385000.000000 1110327664.118036 324.334499 318.614248
G_Data 385040.000000 1110327680.877421 357.046423 352.530321
G_Data 385040.000000 1110327709.121341 332.064239 334.979496
G_Data 385080.000000 1110327725.820960 356.706223 342.298510
G_Data 385080.000000 1110327740.709773 350.786110 343.560701
F_Begin 385120.000000 1110327725.820960 389.535696 351.753386
F_Data 385120.000000 1110327785.682591 390.337579 348.734031
F_Data 385120.000000 1110327799.463007 393.892140 346.182526
F_Data 385160.000000 1110327816.505830 398.574091 343.638236
F_Data 385160.000000 1110327831.117242 402.518238 345.842529
F_Data 385160.000000 1110327844.382397 407.054867 344.712422
F_Data 385160.000000 1110327861.298745 407.746055 342.325633
F_Data 385200.000000 1110327876.099116 410.156275 332.741429
F_Data 385200.000000 1110327889.014727 411.206517 324.936689
F_Data 385240.000000 1110327921.873047 413.817635 321.307086
F_Data 385240.000000 1110327934.282454 419.733296 313.693527
F_Data 385240.000000 1110327950.844429 426.333555 307.253250
F_Data 385280.000000 1110327965.881149 430.041384 301.393070
F_Data 385280.000000 1110327979.692957 432.215466 300.445100
F_Data 385280.000000 1110327996.075934 434.926780 301.625568
F_Data 385320.000000 1110328011.700358 436.988172 306.596015
F_Data 385320.000000 1110328024.581559 439.756189 313.141530
F_Data 385320.000000 1110328040.912617 443.097178 320.429911
F_Data 385360.000000 1110328070.395335 447.329373 326.289573
F_Data 385360.000000 1110328085.814199 450.042689 332.008685
F_Data 385400.000000 1110328100.969546 452.692388 342.154416
F_Data 385400.000000 1110328114.665745 454.949134 349.874354
F_Data 385400.000000 1110328131.167048 455.900263 356.318569
F_Data 385440.000000 1110328146.530974 457.410714 360.047321
F_Data 385440.000000 1110328159.396781 459.006792 361.864220
F_Data 385440.000000 1110328175.921627 459.808704 361.977667
F_Data 385480.000000 1110328191.409313 462.713002 360.081497
F_End 385480.000000 1110328191.409313 468.521599 356.289158
G_Data 385480.000000 1110328221.854936 466.141232 358.566893
G_Data 385520.000000 1110328235.994555 392.598521 389.129982
G_Data 385520.000000 1110328249.678377 382.021552 397.506639
F_Begin 385520.000000 1110328235.994555 285.925743 482.831992
F_Data 385560.000000 1110328281.329293 282.954198 481.540349
F_Data 385560.000000 1110328294.250337 281.731112 480.218560
F_Data 385560.000000 1110328311.280483 281.449238 479.135377
F_Data 385560.000000 1110328326.315392 283.505814 477.997648
F_Data 385600.000000 1110328339.027556 286.388503 478.126734
F_End 385600.000000 1110328339.027556 292.153879 478.384905
G_Data 385640.000000 1110328384.234611 288.161737 477.152988
G_Data 385640.000000 1110328400.837637 177.281011 688.981030
F_Begin 385640.000000 1110328384.234611 104.071833 829.072234
F_Data 385680.000000 1110328429.204712 104.726828 835.182284
F_Data 385680.000000 1110328446.008470 105.749005 839.436284
F_Data 385680.000000 1110328461.371189 105.549862 843.116665
F_Data 385720.000000 1110328474.043811 103.690384 846.375610
F_Data 385720.000000 1110328490.887413 106.282866 849.436721
F_Data 385760.000000 1110328520.225845 112.113434 854.513042
F_Data 385760.000000 1110328535.844233 115.494494 858.732564
F_Data 385760.000000 1110328551.010145 115.541147 863.665289
F_Data 385800.000000 1110328564.224589 116.560222 865.027036
F_Data 385800.000000 1110328581.145465 119.788599 868.432437
F_Data 385800.000000 1110328596.226558 122.881388 869.963426
F_Data 385800.000000 1110328609.100212 123.303731 871.052117
F_Data 385840.000000 1110328626.036784 124.428444 872.230193
F_Data 385840.000000 1110328641.125120 126.403319 873.586152
F_Data 385880.000000 1110328671.903082 125.943147 875.429020
F_Data 385880.000000 1110328685.958785 124.142546 877.599147
F_Data 385880.000000 1110328698.862323 120.958234 879.321187
F_Data 385920.000000 1110328716.320795 117.532722 879.822964
F_Data 385920.000000 1110328732.343664 115.102900 883.006388
F_Data 385920.000000 1110328744.010516 113.253259 886.284535
F_Data 385960.000000 1110328761.129407 112.472725 887.781306
F_Data 385960.000000 1110328776.267851 111.140307 888.773730
F_Data 385960.000000 1110328788.811581 106.695904 890.678022
F_Data 386000.000000 1110328821.916514 105.506269 891.315726
F_Data 386000.000000 1110328833.865598 105.152312 890.492783
F_Data 386040.000000 1110328850.821186 103.244540 892.007569
F_Data 386040.000000 1110328866.400635 100.028467 894.523288
F_Data 386040.000000 1110328879.012584 95.930800 897.582635
F_Data 386080.000000 1110328896.189732 94.854278 899.987048
F_Data 386080.000000 1110328911.099976 98.199348 903.053592
F_Data 386080.000000 1110328923.742110 103.735916 906.117477
F_Data 386120.000000 1110328969.788915 105.255702 908.537183
F_End 386160.000000 1110328969.788915 108.295275 913.376594
G_Data 386160.000000 1110328985.970558 107.383941 911.328016
G_Data 386160.000000 1110329001.042594 279.270093 778.247781
G_Data 386160.000000 1110329014.091926 363.989304 709.064175
F_Begin 386160.000000 1110328985.970558 425.630562 659.659887
F_Data 386160.000000 1110329031.087962 429.257969 662.136566
F_Data 386200.000000 1110329046.227614 429.264410 665.989866
F_Data 386200.000000 1110329059.176127 427.182379 670.938513
F_Data 386200.000000 1110329076.378932 424.981527 671.161427
F_End 386240.000000 1110329076.378932 420.579821 671.607255
G_Data 386240.000000 1110329090.908240 428.571634 670.787110
G_Data 386240.000000 1110329121.952133 420.476299 630.402363
G_Data 386280.000000 1110329135.909432 393.409413 427.981172
G_Data 386280.000000 1110329148.553680 392.673610 428.534364
F_Begin 386280.000000 1110329135.909432 377.473551 370.547128
F_Data 386320.000000 1110329181.247793 373.767803 364.902655
F_Data 386320.000000 1110329193.871816 370.610684 362.507614
F_Data 386320.000000 1110329211.214982 368.636090 361.803333
F_Data 386360.000000 1110329226.242948 365.078851 361.273719
F_Data 386360.000000 1110329238.581118 362.842679 362.895980
F_Data 386400.000000 1110329272.006315 363.184567 372.675736
F_Data 386400.000000 1110329283.797530 362.578211 378.342178
F_Data 386400.000000 1110329300.849711 362.057133 384.700365
F_Data 386440.000000 1110329316.718937 363.874391 387.781346
F_Data 386440.000000 1110329328.958402 364.615316 389.722723
F_Data 386440.000000 1110329345.990963 364.305948 390.316939
F_Data 386480.000000 1110329361.815515 362.500815 389.880238
F_Data 386480.000000 1110329373.775465 361.086497 389.428692
F_Data 386480.000000 1110329390.927559 360.950677 388.421253
F_Data 386520.000000 1110329419.925503 360.462384 387.847286
F_Data 386520.000000 1110329435.746433 359.448760 387.402291
F_Data 386520.000000 1110329451.030671 358.164182 388.126561
F_Data 386560.000000 1110329464.032914 357.758371 389.014980
F_Data 386560.000000 1110329480.762718 358.578498 389.753879
F_Data 386560.000000 1110329496.207843 357.956457 390.791967
F_End 386600.000000 1110329496.207843 356.712374 392.868145
G_Data 386600.000000 1110329509.111078 357.692774 390.873804
G_Data 386600.000000 1110329541.247672 394.766876 382.958068
G_Data 386640.000000 1110329571.726499 394.562521 383.128552
G_Data 386640.000000 1110329585.752621 760.434015 283.158420
G_Data 386680.000000 1110329598.952878 796.811937 274.133505
G_Data 386680.000000 1110329616.344642 813.729056 272.804902
F_Begin 386680.000000 1110329585.752621 842.396634 264.790275
F_Data 386680.000000 1110329632.060527 834.337358 270.005888
F_Data 386720.000000 1110329644.278259 828.234754 276.592154
F_Data 386720.000000 1110329661.080507 827.540466 286.549720
F_Data 386720.000000 1110329675.979281 825.589301 294.546038
F_Data 386760.000000 1110329689.178934 823.726647 301.304499
F_Data 386760.000000 1110329721.818111 825.526105 307.772127
F_Data 386800.000000 1110329733.673017 823.300793 313.547949
F_Data 386800.000000 1110329751.291169 820.666194 316.517986
F_Data 386800.000000 1110329766.287139 819.000979 316.040363
F_Data 386840.000000 1110329778.923236 822.093716 316.528359
F_Data 386840.000000 1110329795.976625 826.002948 312.833763
F_Data 386840.000000 1110329810.904377 828.120492 312.694738
F_Data 386840.000000 1110329823.630426 828.885839 312.354003
F_Data 386880.000000 1110329840.955178 828.789097 312.866047
F_Data 386880.000000 1110329869.653686 832.799273 310.978645
F_Data 386920.000000 1110329885.702815 834.046498 307.875244
F_Data 386920.000000 1110329900.951133 837.893026 302.001353
F_Data 386920.000000 1110329913.906891 841.627716 297.730695
F_Data 386960.000000 1110329932.401921 845.138488 298.688048
F_Data 386960.000000 1110329946.159697 847.875252 299.468060
F_Data 386960.000000 1110329959.457151 848.686231 298.299204
F_Data 387000.000000 1110329976.034218 848.522856 296.420113
F_Data 387000.000000 1110329991.146703 849.655587 292.250506
F_Data 387040.000000 1110330021.704916 849.217666 286.917368
F_End 387040.000000 1110330021.704916 848.341824 276.251090
G_Data 387040.000000 1110330035.684252 849.920240 285.191779
G_Data 387040.000000 1110330049.052640 728.908568 294.209104
F_Begin 387080.000000 1110330035.684252 595.270546 306.377770
F_Data 387080.000000 1110330082.650797 593.209119 302.800626
F_Data 387120.000000 1110330111.827740 584.461870 299.240495
F_End 387120.000000 1110330111.827740 566.967372 292.120232
G_Data 387120.000000 1110330126.331089 562.090096 297.447763
G_Data 387120.000000 1110330138.924021 379.311764 323.009602
G_Data 387160.000000 1110330171.888895 373.805633 323.314570
F_Begin 387160.000000 1110330138.924021 346.716837 326.814785
F_Data 387160.000000 1110330200.859069 350.717450 327.521448
F_Data 387200.000000 1110330216.545071 354.984560 327.344917
F_Data 387200.000000 1110330229.480001 358.825234 327.052050
F_Data 387200.000000 1110330246.299455 364.349507 326.525503
F_Data 387240.000000 1110330261.243205 370.916579 325.567490
F_Data 387240.000000 1110330274.240316 375.331239 324.140900
F_Data 387240.000000 1110330291.056751 377.930401 324.146249
F_Data 387280.000000 1110330320.046244 381.806307 323.959814
F_Data 387280.000000 1110330335.727718 384.211502 320.132268
F_Data 387320.000000 1110330350.836279 386.829155 315.410453
F_Data 387320.000000 1110330364.284054 389.509730 309.525316
F_Data 387320.000000 1110330381.745847 392.031049 305.713348
F_Data 387360.000000 1110330396.207843 395.040271 304.143684
F_Data 387360.000000 1110330409.115304 399.726338 301.435556
F_Data 387360.000000 1110330426.203707 406.160754 300.271129
F_Data 387400.000000 1110330441.071693 411.391486 296.504035
F_Data 387400.000000 1110330471.787473 415.527319 292.595219
F_Data 387440.000000 1110330485.890567 422.277605 292.180230
F_Data 387440.000000 1110330499.304535 430.567385 293.422355
F_Data 387440.000000 1110330516.277329 438.716719 295.903113
F_Data 387480.000000 1110330532.679322 445.901071 297.803436
F_Data 387480.000000 1110330544.646215 454.837387 299.823267
F_Data 387480.000000 1110330561.120049 462.748736 302.655683
F_Data 387520.000000 1110330576.696781 469.755808 305.464905
F_Data 387520.000000 1110330589.074796 476.093673 305.620481
F_Data 387520.000000 1110330621.802414 482.456804 305.161567
F_Data 387560.000000 1110330650.593591 495.977291 308.822012
F_Data 387560.000000 1110330665.833155 507.346823 308.999470
F_Data 387600.000000 1110330679.226597 517.667486 307.408388
F_Data 387600.000000 1110330695.756575 524.794998 303.286460
F_Data 387600.000000 1110330710.719342 534.112999 302.007763
F_Data 387640.000000 1110330724.037925 543.605716 303.956849
F_Data 387640.000000 1110330740.902052 552.950025 307.084802
F_Data 387680.000000 1110330770.038546 561.051270 309.512573
F_Data 387680.000000 1110330785.593847 566.961814 310.405205
F_Data 387680.000000 1110330800.864502 573.470816 310.069101
F_Data 387720.000000 1110330815.403470 579.266341 311.479144
F_Data 387720.000000 1110330832.166779 585.963264 310.283432
F_Data 387720.000000 1110330846.123777 591.402382 310.583438
F_End 387760.000000 1110330846.123777 602.280618 311.183451
G_Data 387760.000000 1110330859.969091 595.701450 309.899019
G_Data 387760.000000 1110330876.067120 652.875387 295.919746
F_Begin 387760.000000 1110330859.969091 677.095185 284.006013
F_Data 387800.000000 1110330921.670807 678.058726 283.191551
F_Data 387800.000000 1110330935.716852 680.394736 288.214891
F_Data 387800.000000 1110330949.010079 682.806772 294.238125
F_Data 387840.000000 1110330966.325474 684.439833 293.115641
F_Data 387840.000000 1110330981.610316 684.448892 290.938963
F_Data 387840.000000 1110330994.269052 684.911920 290.065400
F_Data 387880.000000 1110331011.766766 686.596833 292.605890
F_Data 387880.000000 1110331026.139413 687.240664 294.233859
F_Data 387880.000000 1110331039.077060 687.635490 294.626097
F_Data 387920.000000 1110331071.766947 691.113187 289.343166
F_Data 387920.000000 1110331083.959021 691.913161 287.087822
F_Data 387960.000000 1110331100.713576 692.438198 285.354389
F_Data 387960.000000 1110331116.188886 692.846410 284.611017
F_Data 387960.000000 1110331129.220107 693.736647 283.581923
F_Data 388000.000000 1110331146.036844 694.147504 282.461950
F_Data 388000.000000 1110331161.061792 694.361733 286.082143
F_Data 388000.000000 1110331174.186586 693.624909 286.770346
F_Data 388040.000000 1110331190.903713 694.091830 288.516179
F_Data 388040.000000 1110331219.941199 695.382242 291.219190
F_Data 388080.000000 1110331235.714738 696.436049 292.043823
F_Data 388080.000000 1110331250.749648 699.294438 293.911618
F_Data 388080.000000 1110331264.806257 701.139338 295.874115
F_Data 388120.000000 1110331282.225187 706.139872 293.986846
F_Data 388120.000000 1110331296.037599 708.130914 294.083366
F_Data 388120.000000 1110331309.680370 706.987152 294.408923
F_Data 388160.000000 1110331325.784738 706.445325 296.184143
F_Data 388160.000000 1110331340.890582 707.898682 299.504890
F_Data 388200.000000 1110331371.751552 707.185611 299.508258
F_Data 388200.000000 1110331385.732397 707.424481 301.946185
F_Data 388200.000000 1110331399.445499 707.035619 303.839814
F_Data 388200.000000 1110331416.035546 706.532327 303.126556
F_Data 388240.000000 1110331431.908696 705.223848 303.272830
F_Data 388240.000000 1110331444.241131 704.119238 304.047805
F_End 388280.000000 1110331460.940146 -1.#IND00 -1.#IND00
G_Data 388280.000000 1110331476.179408 704.514485 304.282327
G_Data 388280.000000 1110331488.872253 703.108810 303.888471
G_Data 388320.000000 1110331521.720009 966.304965 331.020952
F_Begin 388320.000000 1110331488.872253 1027.509359 341.866611
F_End 388360.000000 1110331550.528994 -1.#IND00 -1.#IND00
G_Data 388360.000000 1110331566.256954 983.829562 362.668892
G_Data 388360.000000 1110331578.917803 986.163187 362.249406
G_Data 388400.000000 1110331611.148272 978.422334 359.366473
G_Data 388400.000000 1110331624.041547 986.455937 358.277436
G_Data 388400.000000 1110331640.874886 996.463098 357.476559
F_Begin 388440.000000 1110331624.041547 1022.372450 358.480874
F_Data 388440.000000 1110331685.734510 1029.045233 373.158239
F_Data 388480.000000 1110331700.818923 1034.685642 388.465145
F_Data 388480.000000 1110331715.044568 1034.192967 393.422100
F_Data 388480.000000 1110331731.294127 1034.502668 396.650063
F_Data 388480.000000 1110331746.137360 1033.913553 398.894476
F_Data 388520.000000 1110331759.184277 1028.755033 400.377649
F_Data 388520.000000 1110331776.086438 1023.402351 402.145794
F_Data 388520.000000 1110331790.910051 1014.363216 405.919572
F_Data 388560.000000 1110331821.729366 1007.970508 409.305778
F_Data 388560.000000 1110331835.662216 1005.596737 409.389576
F_Data 388600.000000 1110331848.767391 1000.061495 410.379535
F_Data 388600.000000 1110331865.761918 991.705170 411.469858
F_Data 388600.000000 1110331881.267111 984.333585 412.657460
F_Data 388640.000000 1110331894.226793 978.842235 412.626773
F_Data 388640.000000 1110331910.934562 975.209576 412.409609
F_Data 388640.000000 1110331925.600609 976.072027 410.591648
F_Data 388680.000000 1110331938.803281 975.681358 409.077707
F_Data 388680.000000 1110331971.662808 976.623027 409.216658
F_End 388720.000000 1110331971.662808 978.506366 409.494561
G_Data 388720.000000 1110331983.915554 976.267437 408.381992
G_Data 388720.000000 1110332000.583479 824.181051 386.215243
F_Begin 388720.000000 1110331983.915554 676.120363 362.149180
F_Data 388760.000000 1110332029.553954 677.431517 361.932634
F_Data 388760.000000 1110332045.821624 675.361143 361.205255
F_End 388800.000000 1110332061.082922 -1.#IND00 -1.#IND00
G_Data 388800.000000 1110332074.045018 658.111773 352.475469
G_Data 388800.000000 1110332090.717168 654.617492 350.731065
G_Data 388800.000000 1110332119.896827 300.529387 398.960555
G_Data 388840.000000 1110332135.458769 331.742944 394.567496
G_Data 388840.000000 1110332164.469693 264.185607 406.598874
G_Data 388880.000000 1110332180.475959 280.674019 408.911538
G_Data 388880.000000 1110332209.141263 271.920113 410.192087
F_Begin 388920.000000 1110332196.290550 269.077525 410.004577
F_Data 388920.000000 1110332240.672645 268.944685 412.937180
F_Data 388960.000000 1110332271.393255 271.241954 414.365109
F_Data 388960.000000 1110332285.428734 273.462117 415.433374
F_Data 388960.000000 1110332299.167494 272.977984 414.840721
F_Data 389000.000000 1110332316.128214 274.182896 417.958367
F_Data 389000.000000 1110332331.088264 275.814396 419.306684
F_Data 389000.000000 1110332344.089300 277.547186 417.369114
F_Data 389040.000000 1110332360.846874 276.799053 414.155225
F_Data 389040.000000 1110332376.152544 274.432838 407.266769
F_Data 389080.000000 1110332421.600174 267.174941 389.040859
F_Data 389080.000000 1110332434.068744 261.871605 377.254439
F_Data 389120.000000 1110332450.634642 256.681225 364.074612
F_Data 389120.000000 1110332466.240050 252.943036 354.265849
F_Data 389120.000000 1110332479.098310 251.550292 349.757343
F_Data 389160.000000 1110332496.215993 252.125196 346.162848
F_Data 389160.000000 1110332510.856080 251.457488 344.851648
F_Data 389160.000000 1110332527.043458 251.165239 340.510185
F_Data 389200.000000 1110332540.841682 249.258012 337.701833
F_Data 389200.000000 1110332570.256785 248.904803 336.127136
F_Data 389200.000000 1110332585.547966 249.320956 335.227337
F_Data 389240.000000 1110332600.552690 250.453819 335.774391
F_Data 389240.000000 1110332613.838371 255.629928 336.887006
F_End 389280.000000 1110332630.508408 -1.#IND00 -1.#IND00
G_Data 389280.000000 1110332645.784496 263.911325 338.566602
G_Data 389280.000000 1110332659.163449 259.387537 337.440266
G_Data 389280.000000 1110332676.015503 506.665074 291.648403
F_Begin 389320.000000 1110332659.163449 614.109707 267.980126
F_Data 389360.000000 1110332735.574076 610.513585 269.645961
F_End 389360.000000 1110332735.574076 603.321342 272.977633
G_Data 389360.000000 1110332748.953331 610.555990 272.867828
G_Data 389360.000000 1110332765.513796 768.023020 196.269047
G_Data 389400.000000 1110332781.401737 836.165255 115.400517
G_Data 389400.000000 1110332793.930677 877.583100 95.672035
G_Data 389400.000000 1110332810.726284 881.817085 92.381564
G_Data 389440.000000 1110332838.631829 903.600757 92.161151
G_Data 389480.000000 1110332884.630036 911.026197 81.391444
F_Begin 389480.000000 1110332871.664921 913.296473 72.880980
F_Data 389520.000000 1110332929.913459 912.471086 69.671775
F_End 389520.000000 1110332929.913459 910.820313 63.253365
G_Data 389520.000000 1110332945.604291 912.493606 68.191168
G_Data 389560.000000 1110332975.102705 909.674807 84.934817
G_Data 389560.000000 1110332990.287936 909.371379 96.222821
F_Begin 389560.000000 1110332960.643728 908.777807 98.361750
F_Data 389600.000000 1110333020.152193 909.561436 102.328756
F_Data 389600.000000 1110333035.240832 908.685004 103.368316
F_Data 389640.000000 1110333064.907075 901.084958 106.836845
F_Data 389640.000000 1110333080.686953 889.629822 108.908732
F_Data 389680.000000 1110333109.864801 880.335297 107.740973
F_Data 389680.000000 1110333125.764212 877.585618 111.940519
F_End 389680.000000 1110333125.764212 872.086260 120.339610
G_Data 389720.000000 1110333171.298775 874.215733 126.694783
G_Data 389720.000000 1110333185.334859 866.335719 125.782690
G_Data 389760.000000 1110333199.124028 861.757839 131.386047
G_Data 389760.000000 1110333215.880093 868.032569 131.079183
G_Data 389760.000000 1110333230.912889 857.108015 136.471236
G_Data 389800.000000 1110333245.039527 857.540953 155.595121
F_Begin 389800.000000 1110333230.912889 854.493594 164.465115
F_Data 389800.000000 1110333276.026370 847.683610 163.181721
F_Data 389840.000000 1110333289.397173 853.041022 166.100532
F_Data 389840.000000 1110333321.554896 846.913645 167.857566
F_Data 389840.000000 1110333333.989055 853.419153 167.074603
F_Data 389880.000000 1110333350.517524 857.632650 162.939450
F_End 389880.000000 1110333350.517524 866.059642 154.669143
G_Data 389880.000000 1110333365.827721 859.914195 169.093450
G_Data 389880.000000 1110333379.423102 859.398723 168.262461
G_Data 389920.000000 1110333395.616818 859.062473 167.827431
G_Data 389920.000000 1110333410.845516 863.934614 164.263260
F_Begin 389920.000000 1110333379.423102 864.069010 162.086037
F_Data 389920.000000 1110333424.493116 866.173241 161.096085
F_Data 389960.000000 1110333440.528964 867.314065 165.978651
F_Data 389960.000000 1110333469.711943 867.806458 169.097672
F_Data 390000.000000 1110333485.271168 867.604017 170.394196
F_Data 390000.000000 1110333500.492621 865.920876 170.733478
F_Data 390000.000000 1110333514.214779 864.389808 170.839810
F_Data 390040.000000 1110333531.105470 863.865004 169.854613
F_Data 390040.000000 1110333559.081346 852.689534 175.679349
F_End 390080.000000 1110333559.081346 830.338596 187.328821
G_Data 390120.000000 1110333648.359891 839.204673 188.366529
G_Data 390160.000000 1110333680.217876 738.200719 201.982099
G_Data 390160.000000 1110333693.638485 737.501384 203.338401
G_Data 390200.000000 1110333711.301311 707.550771 200.569173
G_Data 390200.000000 1110333738.707896 672.896211 190.573647
G_Data 390240.000000 1110333783.336000 659.382572 186.771379
G_Data 390240.000000 1110333800.142172 672.964044 194.101222
G_Data 390280.000000 1110333828.818947 387.528271 359.367658
G_Data 390280.000000 1110333845.397221 398.205259 353.685747
