9402.000000 0 0 0 0
9403.000000 0 0 0 0
9404.000000 189 534 32 32
9405.000000 295 179 28 28
9405.000000 54 441 49 49
9406.000000 522 302 34 34
9407.000000 661 265 93 93
9407.000000 10 76 98 98
9408.000000 252 187 25 25
9408.000000 76 132 43 43
9409.000000 66 134 41 41
9410.000000 57 135 41 41
9411.000000 47 138 41 41
9412.000000 39 140 42 42
9413.000000 31 142 41 41
9413.000000 389 363 44 44
9414.000000 23 146 41 41
9414.000000 415 140 46 46
9415.000000 16 148 42 42
9416.000000 246 152 30 30
9416.000000 10 150 41 41
9417.000000 4 154 39 39
9417.000000 452 133 35 35
9418.000000 447 137 34 34
9418.000000 1 157 35 35
9419.000000 439 138 35 35
9420.000000 432 137 37 37
9420.000000 492 90 246 246
9421.000000 426 137 36 36
9422.000000 419 135 37 37
9422.000000 352 423 32 32
9422.000000 462 82 255 255
9423.000000 414 135 36 36
9423.000000 336 152 36 36
9424.000000 407 132 38 38
9424.000000 443 80 258 258
9425.000000 402 132 40 40
9425.000000 2 245 35 35
9425.000000 328 152 38 38
9425.000000 1 284 47 47
9425.000000 432 75 278 278
9426.000000 399 133 38 38
9426.000000 448 102 228 228
9427.000000 328 151 31 31
9427.000000 396 134 36 36
9427.000000 450 99 231 231
9428.000000 392 135 37 37
9428.000000 490 204 104 104
9428.000000 439 104 224 224
9429.000000 387 136 38 38
9429.000000 439 104 224 224
9430.000000 385 137 38 38
9430.000000 434 99 231 231
9431.000000 383 137 38 38
9431.000000 434 99 231 231
9432.000000 381 135 39 39
9432.000000 319 59 329 329
9433.000000 380 134 38 38
9434.000000 378 131 40 40
9434.000000 297 140 38 38
9435.000000 376 128 40 40
9435.000000 292 141 40 40
9436.000000 374 126 39 39
9436.000000 287 142 41 41
9436.000000 274 319 38 38
9437.000000 283 141 42 42
9437.000000 371 123 40 40
9437.000000 117 67 110 110
9438.000000 278 138 43 43
9438.000000 369 120 41 41
9438.000000 104 58 132 132
9438.000000 417 93 224 224
9439.000000 368 120 40 40
9439.000000 275 134 45 45
9439.000000 274 373 56 56
9439.000000 99 56 139 139
9439.000000 415 87 239 239
9440.000000 273 131 43 43
9440.000000 262 318 42 42
9440.000000 366 120 43 43
9440.000000 108 58 128 128
9440.000000 412 100 212 212
9441.000000 376 367 24 24
9441.000000 270 384 35 35
9441.000000 366 123 40 40
9441.000000 269 125 46 46
9441.000000 109 60 121 121
9441.000000 407 94 222 222
9442.000000 268 121 45 45
9442.000000 361 121 44 44
9442.000000 180 210 72 72
9442.000000 108 60 118 118
9442.000000 407 94 222 222
9443.000000 373 432 43 43
9443.000000 360 122 43 43
9443.000000 267 119 46 46
9443.000000 119 67 97 97
9443.000000 406 93 217 217
9444.000000 357 119 44 44
9444.000000 266 118 46 46
9445.000000 355 116 46 46
9445.000000 266 118 46 46
9445.000000 169 293 74 74
9446.000000 356 113 44 44
9446.000000 266 119 48 48
9446.000000 168 288 74 74
9446.000000 99 50 136 136
9447.000000 356 110 43 43
9447.000000 267 121 48 48
9447.000000 98 47 144 144
9448.000000 355 106 45 45
9448.000000 268 124 48 48
9448.000000 108 52 126 126
9449.000000 354 104 47 47
9449.000000 269 125 51 51
9449.000000 102 49 136 136
9450.000000 175 406 42 42
9450.000000 355 104 47 47
9450.000000 272 125 49 49
9450.000000 190 183 48 48
9450.000000 104 48 136 136
9451.000000 207 251 23 23
9451.000000 356 105 46 46
9451.000000 273 124 50 50
9451.000000 102 48 142 142
9452.000000 358 107 46 46
9452.000000 274 119 51 51
9452.000000 104 51 139 139
9453.000000 357 107 49 49
9453.000000 274 114 51 51
9453.000000 106 51 139 139
9454.000000 362 109 45 45
9454.000000 273 110 52 52
9454.000000 115 71 204 204
9455.000000 360 107 48 48
9455.000000 272 104 53 53
9456.000000 270 101 56 56
9456.000000 362 106 51 51
9456.000000 464 200 63 63
9457.000000 362 104 49 49
9457.000000 271 102 53 53
9457.000000 12 138 64 64
9458.000000 272 105 53 53
9459.000000 273 110 51 51
9459.000000 362 96 51 51
9460.000000 272 111 55 55
9460.000000 16 141 72 72
9460.000000 160 299 99 99
9461.000000 274 115 52 52
9462.000000 273 114 54 54
9463.000000 273 111 54 54
9464.000000 375 392 40 40
9464.000000 358 99 51 51
9464.000000 573 487 61 61
9464.000000 364 487 79 79
9465.000000 120 49 131 131
9466.000000 0 0 0 0
9467.000000 0 0 0 0
9468.000000 483 307 71 71
9469.000000 6 97 38 38
9469.000000 456 282 131 131
9470.000000 3 95 42 42
9470.000000 134 54 116 116
9471.000000 48 139 52 52
9472.000000 10 96 37 37
9473.000000 0 0 0 0
9474.000000 233 457 35 35
9475.000000 0 0 0 0
9476.000000 0 0 0 0
9477.000000 0 0 0 0
9478.000000 0 0 0 0
9479.000000 154 64 101 101
9480.000000 0 0 0 0
9481.000000 0 0 0 0
9482.000000 228 430 59 59
9482.000000 104 244 84 84
9483.000000 119 257 63 63
9484.000000 0 0 0 0
9485.000000 0 0 0 0
9486.000000 0 0 0 0
9487.000000 83 150 65 65
9488.000000 218 409 52 52
9489.000000 0 0 0 0
9490.000000 213 411 53 53
9490.000000 422 250 84 84
9491.000000 208 413 58 58
9492.000000 293 149 39 39
9493.000000 302 150 37 37
9494.000000 309 152 40 40
9494.000000 206 457 90 90
9495.000000 314 153 42 42
9496.000000 323 157 40 40
9497.000000 0 0 0 0
9498.000000 335 162 44 44
9499.000000 598 520 34 34
9499.000000 257 480 63 63
9500.000000 0 0 0 0
9501.000000 444 360 35 35
9501.000000 264 525 37 37
9501.000000 413 232 101 101
9502.000000 259 528 37 37
9502.000000 246 500 55 55
9503.000000 600 99 149 149
9504.000000 392 137 40 40
9504.000000 463 407 57 57
9505.000000 655 383 42 42
9505.000000 465 405 61 61
9505.000000 248 508 59 59
9505.000000 117 138 79 79
9505.000000 329 65 87 87
9506.000000 468 404 60 60
9506.000000 126 140 74 74
9506.000000 245 490 63 63
9506.000000 250 118 68 68
9507.000000 243 497 55 55
9507.000000 241 115 72 72
9507.000000 331 64 90 90
9508.000000 699 231 35 35
9508.000000 236 115 67 67
9508.000000 468 400 65 65
9509.000000 316 175 23 23
9509.000000 472 403 59 59
9509.000000 228 110 70 70
9510.000000 114 160 34 34
9510.000000 471 406 64 64
9510.000000 389 98 69 69
9510.000000 223 109 71 71
9510.000000 483 110 191 191
9511.000000 626 301 76 76
9511.000000 481 118 185 185
9512.000000 477 114 198 198
9513.000000 188 196 33 33
9513.000000 472 112 212 212
9514.000000 470 110 217 217
9515.000000 473 118 208 208
9516.000000 476 124 193 193
9517.000000 398 494 49 49
9517.000000 476 119 203 203
9518.000000 168 73 126 126
9519.000000 192 139 71 71
9520.000000 191 132 71 71
9521.000000 1 274 42 42
9521.000000 191 125 75 75
9522.000000 197 117 77 77
9523.000000 205 111 81 81
9523.000000 365 97 87 87
9524.000000 16 495 54 54
9524.000000 216 108 78 78
9525.000000 223 107 79 79
9525.000000 368 100 84 84
9526.000000 227 101 85 85
9527.000000 278 176 29 29
9527.000000 4 151 66 66
9527.000000 229 101 85 85
9527.000000 369 101 87 87
9528.000000 283 175 29 29
9528.000000 233 100 86 86
9529.000000 287 173 34 34
9529.000000 238 102 84 84
9529.000000 310 365 76 76
9530.000000 296 174 28 28
9530.000000 372 167 43 43
9530.000000 4 143 86 86
9531.000000 301 170 30 30
9531.000000 374 163 46 46
9531.000000 5 143 84 84
9532.000000 306 166 33 33
9532.000000 372 159 48 48
9532.000000 9 142 82 82
9533.000000 663 345 21 21
9533.000000 314 165 30 30
9533.000000 8 140 89 89
9534.000000 322 165 29 29
9534.000000 12 139 90 90
9535.000000 329 166 28 28
9535.000000 16 141 86 86
9536.000000 336 166 30 30
9536.000000 24 144 80 80
9536.000000 608 400 92 92
9537.000000 344 168 29 29
9537.000000 378 153 43 43
9537.000000 36 147 71 71
9537.000000 385 78 71 71
9538.000000 352 170 29 29
9538.000000 378 154 46 46
9539.000000 361 172 28 28
9539.000000 380 158 49 49
9540.000000 367 170 33 33
9540.000000 380 159 51 51
9540.000000 392 75 76 76
9540.000000 359 9 154 154
9541.000000 386 165 47 47
9541.000000 365 10 158 158
9542.000000 0 0 0 0
9543.000000 394 168 47 47
9544.000000 399 168 48 48
9545.000000 0 0 0 0
9546.000000 0 0 0 0
9547.000000 0 0 0 0
9548.000000 225 101 96 96
9549.000000 215 98 94 94
9550.000000 202 95 97 97
9551.000000 61 123 46 46
9551.000000 194 91 96 96
9552.000000 484 367 63 63
9552.000000 197 95 92 92
9553.000000 0 0 0 0
9554.000000 0 0 0 0
9555.000000 0 0 0 0
9556.000000 0 0 0 0
9557.000000 0 0 0 0
9558.000000 438 98 69 69
9558.000000 631 143 81 81
9559.000000 439 99 69 69
9560.000000 442 99 69 69
9561.000000 468 114 98 98
9562.000000 0 0 0 0
9563.000000 545 418 40 40
9564.000000 143 240 39 39
9565.000000 0 0 0 0
9566.000000 0 0 0 0
9567.000000 618 164 46 46
9568.000000 627 164 49 49
9568.000000 1 261 39 39
9569.000000 637 167 50 50
9569.000000 537 349 40 40
9569.000000 546 442 56 56
9570.000000 645 164 51 51
9570.000000 532 347 44 44
9571.000000 653 164 49 49
9571.000000 539 445 53 53
9572.000000 658 159 50 50
9573.000000 663 154 51 51
9574.000000 666 150 50 50
9575.000000 670 148 51 51
9576.000000 673 146 52 52
9576.000000 2 77 104 104
9577.000000 677 146 52 52
9577.000000 103 78 79 79
9578.000000 681 148 52 52
9578.000000 452 247 55 55
9578.000000 10 84 104 104
9579.000000 686 151 52 52
9579.000000 224 213 57 57
9580.000000 689 155 52 52
9580.000000 229 215 53 53
9580.000000 394 82 119 119
9580.000000 69 54 127 127
9581.000000 693 158 52 52
9581.000000 228 214 55 55
9581.000000 388 80 119 119
9582.000000 697 160 53 53
9582.000000 453 348 43 43
9582.000000 232 213 55 55
9582.000000 391 82 110 110
9582.000000 86 73 140 140
9583.000000 740 297 23 23
9583.000000 367 394 33 33
9583.000000 706 159 54 54
9583.000000 238 211 58 58
9583.000000 44 77 141 141
9583.000000 390 77 119 119
9584.000000 463 462 55 55
9584.000000 11 86 136 136
9585.000000 6 66 59 59
9585.000000 412 73 131 131
9586.000000 268 158 36 36
9586.000000 442 70 134 134
9587.000000 211 88 94 94
9587.000000 477 68 138 138
9588.000000 21 436 71 71
9588.000000 529 69 131 131
9588.000000 213 41 212 212
9589.000000 11 277 38 38
9589.000000 579 68 137 137
9590.000000 375 88 100 100
9590.000000 649 77 114 114
9591.000000 443 91 92 92
9591.000000 153 63 151 151
9592.000000 78 358 58 58
9592.000000 508 92 87 87
9592.000000 172 66 149 149
9593.000000 567 86 96 96
9594.000000 224 109 119 119
9595.000000 0 0 0 0
9596.000000 349 64 46 46
9596.000000 399 390 118 118
9597.000000 0 0 0 0
9598.000000 0 0 0 0
9599.000000 0 0 0 0
9600.000000 620 70 61 61
9601.000000 0 0 0 0
9602.000000 20 258 54 54
9603.000000 0 0 0 0
9604.000000 0 0 0 0
9605.000000 0 0 0 0
9606.000000 0 0 0 0
9607.000000 644 170 70 70
9607.000000 228 252 62 62
9607.000000 163 97 81 81
9608.000000 192 94 90 90
9609.000000 185 418 52 52
9609.000000 226 96 90 90
9610.000000 253 93 87 87
9611.000000 282 97 82 82
9612.000000 376 258 58 58
9612.000000 301 95 84 84
9613.000000 389 255 70 70
9613.000000 320 94 84 84
9614.000000 406 258 66 66
9614.000000 335 95 81 81
9614.000000 11 19 239 239
9615.000000 83 534 24 24
9615.000000 491 330 35 35
9615.000000 413 254 74 74
9615.000000 344 94 83 83
9616.000000 14 120 42 42
9616.000000 426 258 67 67
9616.000000 351 91 85 85
9617.000000 432 256 71 71
9617.000000 360 88 88 88
9618.000000 520 333 35 35
9618.000000 440 256 72 72
9618.000000 365 87 88 88
9618.000000 33 19 249 249
9619.000000 527 334 34 34
9619.000000 450 259 67 67
9619.000000 373 85 85 85
9619.000000 21 16 255 255
9620.000000 534 335 33 33
9620.000000 376 82 90 90
9621.000000 457 256 73 73
9621.000000 382 81 88 88
9622.000000 547 336 35 35
9622.000000 384 79 92 92
9623.000000 554 337 33 33
9623.000000 386 74 98 98
9623.000000 89 41 211 211
9624.000000 561 337 37 37
9624.000000 475 261 73 73
9624.000000 393 76 91 91
9624.000000 62 18 250 250
9625.000000 567 338 35 35
9625.000000 484 261 71 71
9625.000000 396 70 99 99
9625.000000 103 190 81 81
9626.000000 484 261 78 78
9626.000000 405 71 92 92
9626.000000 92 33 228 228
9627.000000 29 122 34 34
9627.000000 493 269 69 69
9627.000000 409 68 94 94
9627.000000 83 24 238 238
9628.000000 668 466 24 24
9628.000000 496 269 74 74
9628.000000 413 67 95 95
9629.000000 504 276 67 67
9629.000000 416 68 97 97
9630.000000 505 277 72 72
9630.000000 420 71 96 96
9631.000000 257 202 28 28
9631.000000 513 282 70 70
9631.000000 421 74 96 96
9631.000000 98 33 246 246
9632.000000 424 76 96 96
9632.000000 89 28 264 264
9633.000000 608 370 34 34
9633.000000 425 77 98 98
9634.000000 429 81 96 96
9634.000000 518 291 79 79
9635.000000 571 423 21 21
9635.000000 430 82 97 97
9635.000000 92 38 266 266
9636.000000 434 84 97 97
9636.000000 524 295 84 84
9637.000000 435 86 97 97
9637.000000 526 298 84 84
9638.000000 438 87 98 98
9639.000000 154 369 26 26
9639.000000 441 89 95 95
9639.000000 532 305 83 83
9640.000000 532 306 89 89
9640.000000 441 86 103 103
9641.000000 36 452 59 59
9641.000000 535 309 87 87
9641.000000 444 88 103 103
9642.000000 111 166 54 54
9642.000000 38 456 55 55
9642.000000 535 311 88 88
9642.000000 447 84 106 106
9643.000000 720 496 33 33
9643.000000 112 171 51 51
9643.000000 35 461 57 57
9643.000000 530 310 94 94
9643.000000 447 81 111 111
9644.000000 538 315 90 90
9644.000000 448 79 110 110
9645.000000 537 316 96 96
9645.000000 453 75 109 109
9646.000000 454 73 109 109
9646.000000 532 313 106 106
9647.000000 544 320 91 91
9647.000000 455 69 112 112
9648.000000 541 319 97 97
9648.000000 454 70 113 113
9649.000000 545 324 93 93
9649.000000 455 74 111 111
9650.000000 544 323 95 95
9650.000000 453 75 112 112
9651.000000 486 309 59 59
9651.000000 540 321 103 103
9651.000000 445 72 123 123
9652.000000 541 255 30 30
9652.000000 544 326 98 98
9652.000000 444 74 121 121
9653.000000 258 312 76 76
9653.000000 444 79 116 116
9653.000000 548 329 95 95
9654.000000 256 316 76 76
9654.000000 438 78 120 120
9654.000000 542 324 108 108
9655.000000 436 80 118 118
9655.000000 539 322 112 112
9656.000000 434 85 115 115
9656.000000 539 329 105 105
9657.000000 731 453 33 33
9657.000000 430 83 120 120
9657.000000 540 328 108 108
9658.000000 541 332 103 103
9658.000000 426 85 121 121
9659.000000 244 338 76 76
9659.000000 423 85 123 123
9659.000000 549 338 96 96
9660.000000 473 323 63 63
9660.000000 422 88 121 121
9660.000000 538 335 105 105
9661.000000 469 322 67 67
9661.000000 420 90 119 119
9661.000000 533 334 109 109
9662.000000 418 93 118 118
9662.000000 526 329 126 126
9663.000000 416 94 119 119
9663.000000 536 336 108 108
9664.000000 542 341 105 105
9664.000000 412 96 123 123
9665.000000 209 241 36 36
9665.000000 409 97 125 125
9665.000000 534 335 126 126
9666.000000 116 277 111 111
9666.000000 303 50 216 216
9667.000000 124 269 132 132
9667.000000 322 50 217 217
9668.000000 339 54 211 211
9668.000000 135 248 169 169
9669.000000 119 138 81 81
9669.000000 346 54 216 216
9670.000000 140 351 36 36
9670.000000 132 141 74 74
9670.000000 76 316 75 75
9670.000000 352 56 213 213
9671.000000 353 56 215 215
9672.000000 156 378 41 41
9672.000000 353 57 212 212
9673.000000 239 175 29 29
9673.000000 147 139 94 94
9673.000000 350 58 215 215
9674.000000 124 368 49 49
9674.000000 159 148 81 81
9674.000000 346 57 218 218
9675.000000 161 151 85 85
9675.000000 342 58 215 215
9676.000000 226 381 28 28
9676.000000 166 157 84 84
9676.000000 338 57 214 214
9677.000000 167 158 88 88
9677.000000 329 56 220 220
9678.000000 166 155 99 99
9678.000000 326 59 215 215
9679.000000 172 154 94 94
9679.000000 319 58 218 218
9680.000000 176 151 99 99
9680.000000 315 60 216 216
9681.000000 181 145 109 109
9681.000000 313 59 216 216
9682.000000 195 146 105 105
9682.000000 305 58 223 223
9683.000000 208 144 108 108
9683.000000 304 62 218 218
9684.000000 222 144 107 107
9684.000000 305 64 218 218
9685.000000 208 530 35 35
9685.000000 237 141 113 113
9685.000000 303 68 208 208
9686.000000 203 530 34 34
9686.000000 256 140 113 113
9686.000000 300 69 209 209
9687.000000 293 70 216 216
9688.000000 296 72 206 206
9689.000000 297 75 203 203
9690.000000 292 71 212 212
9691.000000 298 78 198 198
9692.000000 300 79 195 195
9692.000000 61 133 169 169
9693.000000 299 77 200 200
9694.000000 299 78 198 198
9694.000000 58 131 186 186
9695.000000 299 76 202 202
9696.000000 610 98 50 50
9696.000000 298 75 210 210
9697.000000 292 71 223 223
9698.000000 293 72 223 223
9699.000000 299 76 218 218
9700.000000 297 75 219 219
9701.000000 303 78 212 212
9702.000000 303 77 214 214
9703.000000 242 500 42 42
9703.000000 302 76 218 218
9704.000000 300 75 220 220
9705.000000 305 76 215 215
9706.000000 305 77 216 216
9707.000000 304 74 220 220
9708.000000 306 75 216 216
9709.000000 309 75 215 215
9710.000000 311 76 214 214
9711.000000 312 75 218 218
9712.000000 317 77 212 212
9713.000000 568 346 111 111
9713.000000 115 129 139 139
9713.000000 418 78 145 145
9714.000000 419 82 138 138
9714.000000 106 126 145 145
9715.000000 299 393 32 32
9715.000000 71 381 95 95
9715.000000 413 82 146 146
9716.000000 559 347 118 118
9716.000000 414 84 142 142
9717.000000 564 349 116 116
9717.000000 416 89 133 133
9718.000000 564 347 116 116
9718.000000 416 89 134 134
9718.000000 88 127 146 146
9719.000000 415 92 132 132
9719.000000 566 348 120 120
9720.000000 380 41 32 32
9720.000000 417 96 127 127
9721.000000 380 41 32 32
9721.000000 418 99 123 123
9722.000000 559 344 125 125
9722.000000 411 98 128 128
9722.000000 76 122 153 153
9723.000000 380 37 38 38
9723.000000 544 266 37 37
9723.000000 404 92 139 139
9723.000000 76 124 144 144
9724.000000 0 0 0 0
9725.000000 67 119 155 155
9726.000000 409 76 135 135
9726.000000 63 116 158 158
9727.000000 103 399 43 43
9727.000000 411 74 127 127
9727.000000 565 338 133 133
9727.000000 68 119 155 155
9728.000000 155 252 39 39
9728.000000 416 73 118 118
9728.000000 568 345 123 123
9729.000000 412 66 118 118
9729.000000 569 345 121 121
9729.000000 73 120 149 149
9730.000000 383 38 38 38
9730.000000 413 65 113 113
9731.000000 552 265 41 41
9731.000000 574 347 120 120
9731.000000 412 57 121 121
9732.000000 420 66 101 101
9732.000000 75 115 161 161
9733.000000 581 349 117 117
9734.000000 556 264 43 43
9734.000000 117 397 43 43
9735.000000 0 0 0 0
9736.000000 93 124 144 144
9737.000000 391 39 35 35
9737.000000 94 123 148 148
9738.000000 102 128 136 136
9739.000000 0 0 0 0
9740.000000 565 265 40 40
9741.000000 449 78 65 65
9741.000000 105 124 144 144
9742.000000 108 126 144 144
9743.000000 394 40 34 34
9743.000000 113 130 139 139
9744.000000 395 41 29 29
9744.000000 112 127 144 144
9745.000000 114 125 153 153
9746.000000 122 128 142 142
9747.000000 123 129 140 140
9748.000000 443 74 76 76
9748.000000 125 132 138 138
9748.000000 411 37 150 150
9749.000000 566 267 41 41
9749.000000 439 72 84 84
9749.000000 127 130 141 141
9749.000000 404 28 163 163
9750.000000 127 129 146 146
9750.000000 407 33 157 157
9751.000000 393 40 34 34
9751.000000 444 77 73 73
9751.000000 128 129 154 154
9751.000000 407 31 158 158
9752.000000 443 76 77 77
9752.000000 134 134 144 144
9753.000000 140 137 140 140
9753.000000 407 31 158 158
9754.000000 393 42 34 34
9754.000000 136 135 152 152
9755.000000 254 340 55 55
9755.000000 382 147 73 73
9756.000000 280 327 40 40
9756.000000 379 142 78 78
9756.000000 398 177 68 68
9757.000000 289 329 34 34
9757.000000 382 142 70 70
