9402,640.5,208.5,127,159,1.175231
9402,208.5,92.5,63,71,1.094024
9402,216.5,158.0,157,196,1.05284
9402,698.5,308.0,73,82,1.043801
9402,240.0,377.0,274,342,1.042918
9402,657.0,326.0,64,100,1.024757
9402,368.5,35.0,67,84,1.018178
9403,518.5,167.5,59,93,1.071978
9403,522.5,216.5,119,133,1.071702
9403,660.0,124.0,68,76,1.051434
9403,186.5,141.5,103,163,1.012895
9403,699.0,290.5,78,87,1.007188
9403,446.0,103.0,136,170,1.00609
9403,647.5,347.5,59,93,1.003396
9403,657.0,127.0,118,134,1.002122
9404,443.0,430.5,84,133,1.073002
9404,694.0,103.5,68,107,1.050892
9404,224.5,352.5,255,319,1.047386
9404,508.5,332.5,55,87,1.047349
9404,479.0,479.0,84,132,1.041941
9404,517.5,290.0,83,94,1.01901
9404,627.0,127.0,118,134,1.018461
9404,492.5,207.0,157,176,1.001599
9405,551.5,246.0,157,176,1.066306
9405,459.5,216.0,111,124,1.031944
9406,154.0,137.0,136,170,1.056298
9406,446.0,265.0,222,250,1.042417
9406,718.0,301.0,84,94,1.034567
9406,581.0,241.0,78,88,1.017299
9406,581.0,128.0,78,98,1.010849
9406,620.5,300.5,55,87,1.010556
9406,647.5,373.0,59,94,1.005148
9407,149.0,127.0,118,134,1.07541
9407,92.0,501.0,72,82,1.069502
9407,629.5,381.0,63,100,1.022429
9407,591.0,143.0,84,94,1.002118
9408,158.0,354.5,314,393,1.061371
9408,389.5,233.5,103,129,1.059333
9408,542.0,133.0,72,82,1.032838
9408,553.5,484.5,59,93,1.0326
9408,139.5,118.5,111,125,1.019933
9408,613.5,381.5,59,93,1.018705
9408,492.5,221.5,77,87,1.018309
9408,331.0,101.0,146,164,1.00926
9409,136.0,113.0,90,112,1.125323
9409,490.5,205.5,73,115,1.070738
9409,416.5,132.5,63,71,1.038953
9409,532.0,133.0,78,88,1.008319
9410,142.5,132.0,73,116,1.137134
9410,696.5,76.5,111,125,1.023426
9410,138.0,167.5,156,177,1.014197
9410,416.5,140.5,63,71,1.006671
9411,478.0,221.5,68,107,1.096289
9411,403.0,141.5,68,77,1.076525
9411,362.0,251.0,110,138,1.025599
9412,400.5,148.5,63,71,1.096719
9412,384.5,152.5,89,101,1.085974
9412,350.5,246.5,103,129,1.085279
9412,373.5,345.0,89,100,1.056074
9412,288.5,360.5,127,143,1.043501
9412,468.5,212.5,55,87,1.041073
9412,398.5,467.5,59,93,1.02012
9412,158.5,141.5,89,101,1.012343
9413,348.0,251.0,110,138,1.163083
9413,447.0,220.5,78,123,1.09794
9413,376.0,341.0,110,124,1.073138
9413,165.0,193.0,146,164,1.023056
9413,288.5,360.5,127,143,1.021356
9413,485.0,321.0,96,108,1.018048
9413,634.5,77.5,137,153,1.017239
9413,639.0,186.5,78,123,1.014433
9413,564.5,388.5,55,87,1.011807
9414,376.0,341.0,110,124,1.022259
9414,224.0,298.5,118,149,1.003668
9414,158.5,469.5,89,101,1.002514
9414,337.5,246.5,103,129,1.000522
9415,271.0,501.0,64,100,1.068
9415,625.0,192.0,68,108,1.063268
9415,214.5,308.5,67,85,1.054489
9415,364.0,164.0,96,108,1.038347
9415,514.5,202.5,73,91,1.023073
9415,703.0,488.5,68,85,1.018017
9416,617.5,195.5,73,115,1.051159
9416,582.5,61.0,193,216,1.036156
9416,188.5,170.0,63,100,1.030853
9416,356.0,220.5,78,123,1.022254
9416,241.0,300.5,68,107,1.014868
9417,240.5,304.5,127,159,1.117315
9417,249.0,169.5,180,203,1.03338
9417,351.5,150.0,67,76,1.032474
9417,607.0,195.5,72,115,1.013247
9417,350.0,221.5,68,107,1.011316
9417,571.5,65.5,207,231,1.007434
9417,508.5,428.5,55,87,1.002325
9418,240.0,163.0,136,154,1.089145
9418,680.5,488.5,63,79,1.058184
9418,340.0,221.5,68,107,1.042809
9418,666.5,198.0,63,100,1.034024
9418,226.0,441.5,180,203,1.033829
9418,452.5,401.5,89,101,1.013304
9418,344.5,156.5,63,71,1.005392
9419,480.0,159.0,68,76,1.06222
9419,657.0,198.0,64,100,1.026609
9419,193.0,165.5,72,91,1.023276
9419,336.5,156.5,63,71,1.013999
9419,583.0,94.5,136,153,1.013761
9419,493.5,487.0,103,116,1.008608
9419,592.5,198.0,63,100,1.004372
9419,236.5,167.5,157,177,1.000361
9420,231.5,287.0,67,76,1.040321
9420,654.5,95.5,167,189,1.030808
9420,193.0,161.0,72,82,1.025607
9420,236.5,167.5,157,177,1.021341
9420,478.0,161.0,72,82,1.010949
9420,394.0,176.0,84,132,1.009485
9420,328.5,156.5,63,71,1.007189
9421,188.5,163.0,67,84,1.149558
9421,339.5,401.5,89,101,1.068559
9421,471.5,159.0,67,76,1.034386
9421,634.5,77.5,137,153,1.011734
9421,352.5,164.5,63,71,1.005677
9422,180.0,163.0,68,84,1.235469
9422,321.5,501.0,73,82,1.063215
9422,343.0,450.0,68,76,1.032353
9422,174.5,417.0,73,116,1.027869
9422,223.0,163.0,136,154,1.019619
9422,459.5,165.5,73,91,1.001655
9423,180.0,163.0,68,84,1.097622
9423,459.5,151.5,73,81,1.030543
9423,209.0,358.0,238,298,1.006131
9424,176.5,168.5,63,79,1.127106
9424,221.0,413.5,146,165,1.069082
9424,626.0,304.0,68,76,1.047725
9424,454.0,153.0,84,94,1.027837
9424,209.0,358.0,238,298,1.017564
9424,411.5,153.0,83,94,1.008562
9424,448.5,237.5,73,115,1.007033
9424,468.0,497.5,68,107,1.003756
9425,411.5,153.0,83,94,1.105782
9425,334.5,510.0,67,76,1.010027
9425,171.5,180.0,67,84,1.009443
9425,188.5,407.0,67,76,1.008658
9425,221.0,413.5,146,165,1.003263
9426,168.5,176.5,63,79,1.067577
9426,487.5,174.0,111,124,1.063133
9426,407.5,152.5,89,101,1.023777
9426,192.5,384.5,255,319,1.001193
9427,163.0,180.0,68,84,1.04697
9427,401.0,153.0,84,94,1.039942
9427,604.5,201.5,59,93,1.021639
9427,608.5,300.5,63,71,1.000795
9428,229.5,376.5,73,91,1.061967
9428,229.5,501.0,73,82,1.052287
9428,170.0,188.0,64,100,1.04523
9428,401.0,153.0,84,94,1.009364
9429,394.0,152.5,78,87,1.100907
9429,152.5,176.5,63,79,1.057211
9429,226.5,497.5,77,87,1.014883
9429,326.0,351.5,136,153,1.010975
9430,206.0,467.0,96,108,1.087899
9430,197.0,167.5,156,177,1.033208
9430,420.0,493.0,68,76,1.028786
9430,306.0,438.0,84,94,1.017964
9431,340.0,231.5,68,107,1.079186
9431,312.5,271.0,73,82,1.023157
9431,390.5,153.0,83,94,1.006285
9432,285.0,442.5,84,133,1.063667
9432,384.5,152.5,89,101,1.054356
9432,212.0,503.0,84,132,1.035712
9432,311.5,194.5,207,233,1.020611
9432,152.5,168.5,63,79,1.018618
9432,141.5,278.5,59,93,1.009043
9433,334.0,232.0,78,124,1.043659
9434,384.5,152.5,89,101,1.006689
9435,576.5,292.5,63,71,1.081914
9435,313.5,321.0,119,134,1.072493
9435,322.5,232.0,79,124,1.041959
9435,388.0,152.0,96,108,1.018871
9436,128.5,372.5,63,71,1.065778
9436,347.5,235.5,59,93,1.028596
9436,164.5,172.5,55,87,1.004294
9437,164.5,180.5,55,87,1.027211
9437,322.5,243.5,79,123,1.017443
9437,165.0,285.0,146,164,1.01523
9437,344.5,164.5,63,71,1.008316
9438,338.5,235.5,59,93,1.069049
9438,171.5,214.5,137,153,1.057406
9438,568.5,292.5,63,71,1.047642
9438,416.5,268.5,63,71,1.021319
9438,272.5,344.0,103,116,1.007373
9438,132.5,364.5,55,87,1.003815
9439,480.0,94.5,136,153,1.02446
9439,566.0,287.0,68,76,1.000209
9440,546.0,115.0,96,108,1.04844
9440,172.5,180.5,55,87,1.029541
9441,404.5,140.5,55,87,1.145414
9441,192.5,175.5,89,101,1.010964
9442,404.5,140.5,55,87,1.051864
9442,291.5,163.0,137,154,1.00489
9443,320.5,492.5,63,71,1.052295
9443,285.0,264.0,146,232,1.020862
9443,404.5,140.5,55,87,1.005493
9444,396.5,140.5,55,87,1.069047
9444,369.0,480.5,96,153,1.016564
9444,467.5,117.0,207,232,1.003143
9445,396.5,140.5,55,87,1.204064
9445,493.5,193.0,59,94,1.085541
9445,415.5,136.0,103,116,1.025406
9445,308.5,460.5,55,87,1.013166
9446,396.5,140.5,55,87,1.151608
9447,396.5,132.5,55,87,1.114164
9448,396.5,132.5,55,87,1.174685
9448,181.0,232.0,90,100,1.00258
9448,206.0,437.5,136,153,1.001094
9449,396.5,132.5,55,87,1.164353
9449,294.0,271.5,180,225,1.004962
9449,190.0,174.0,84,94,1.004299
9450,396.5,124.5,55,87,1.131756
9450,171.5,502.0,67,76,1.012251
9450,294.0,271.5,180,225,1.011938
9451,396.5,124.5,55,87,1.212098
9451,289.5,142.0,63,100,1.04519
9451,188.5,167.0,67,76,1.034937
9452,396.5,132.5,55,87,1.181955
9452,193.0,170.0,72,82,1.077865
9452,285.5,246.0,137,216,1.012372
9452,544.5,276.5,63,71,1.012307
9452,565.0,501.0,64,100,1.010417
9453,398.5,133.0,59,94,1.183514
9453,193.0,170.0,72,82,1.040425
9453,209.0,425.0,110,124,1.016107
9453,418.0,132.5,110,125,1.000364
9454,398.5,133.0,59,94,1.174417
9454,397.0,272.0,96,152,1.030009
9455,399.5,133.0,63,100,1.170369
9455,200.5,164.5,63,71,1.061864
9455,463.0,97.0,118,134,1.009799
9455,303.0,443.0,96,108,1.002628
9456,407.5,133.0,59,94,1.040229
9456,515.5,188.0,111,124,1.020169
9456,126.5,523.0,83,94,1.017147
9456,222.0,448.0,68,108,1.007886
9456,467.5,84.0,103,116,1.005728
9456,416.5,224.5,127,159,1.005018
9457,381.5,381.0,63,100,1.131924
9457,407.5,133.0,59,94,1.104509
9457,332.5,227.0,73,116,1.078388
9457,436.5,268.5,55,87,1.072975
9457,429.0,223.0,136,170,1.006243
9457,433.0,127.0,118,134,1.002527
9457,480.5,84.0,103,116,1.001935
9457,206.0,79.0,96,108,1.000525
9458,407.5,124.5,59,93,1.107837
9458,429.0,223.0,136,170,1.063058
9458,463.0,379.0,78,88,1.040579
9458,311.5,246.5,207,233,1.023647
9458,433.0,127.0,118,134,1.019533
9458,300.5,501.5,73,115,1.001708
9459,407.5,124.5,59,93,1.129009
9459,432.0,118.5,110,125,1.027785
9459,429.0,296.0,68,76,1.019083
9459,429.0,223.0,136,170,1.015904
9459,480.5,168.5,181,285,1.001528
9459,317.0,296.0,68,76,1.000125
9460,202.0,258.0,96,152,1.064032
9460,354.5,212.0,77,88,1.039833
9460,409.0,123.0,68,108,1.031527
9460,362.0,411.0,110,124,1.028727
9460,312.5,232.5,111,175,1.023807
9460,432.5,224.5,127,159,1.012096
9460,468.5,364.5,55,87,1.010193
9461,411.5,116.0,67,76,1.139656
9461,340.0,133.0,72,82,1.037427
9461,542.0,379.0,78,88,1.029234
9461,432.0,118.5,110,125,1.026143
9462,411.5,116.0,67,76,1.191955
9462,468.5,372.5,55,87,1.031993
9462,428.5,76.5,55,87,1.03024
9462,340.0,133.0,72,82,1.015714
9462,381.5,398.5,59,93,1.013109
9462,402.5,396.0,103,116,1.010574
9462,427.5,170.0,63,100,1.009462
9462,543.0,379.0,90,100,1.004355
9462,473.5,90.5,111,125,1.003376
9463,409.0,113.5,68,107,1.098646
9463,553.5,484.5,59,93,1.058981
9464,406.5,121.5,73,115,1.094911
9464,174.5,446.0,73,82,1.08979
9464,285.0,128.5,72,91,1.067615
9464,433.0,300.5,78,87,1.034459
9464,390.5,407.5,59,93,1.011248
9464,334.5,167.0,67,76,1.00658
9464,459.5,248.5,73,115,1.00176
9465,280.5,128.5,63,79,1.220069
9465,409.0,123.0,68,108,1.219899
9465,473.5,90.5,111,125,1.034503
9465,440.5,248.5,111,175,1.028377
9466,409.0,123.0,68,108,1.251941
9466,280.5,120.5,63,79,1.095698
9466,441.0,239.0,146,182,1.060612
9466,537.0,333.5,78,123,1.012587
9467,406.5,121.5,73,115,1.157075
9467,280.5,120.5,63,79,1.111361
9467,441.0,239.0,146,182,1.072443
9467,480.5,84.0,103,116,1.037896
9467,296.0,369.5,168,189,1.006492
9468,406.5,121.5,73,115,1.136669
9468,299.5,230.0,97,152,1.034549
9468,443.5,266.0,137,216,1.017788
9468,463.0,97.0,118,134,1.005587
9469,404.0,113.0,78,88,1.168703
9469,423.5,266.0,137,216,1.045025
9469,473.5,90.5,111,125,1.036769
9470,399.0,113.5,68,107,1.246637
9470,272.5,116.5,63,71,1.127218
9470,432.5,264.0,147,232,1.051857
9470,473.5,90.5,111,125,1.036315
9470,48.5,260.5,63,71,1.009009
9471,404.5,106.0,73,82,1.265227
9471,274.5,116.0,67,76,1.148101
9471,220.5,202.0,293,330,1.03137
9471,594.0,491.0,96,108,1.030596
9472,401.0,100.0,84,94,1.24649
9472,272.5,116.5,63,71,1.101142
9472,473.5,90.5,111,125,1.035114
9472,139.0,125.5,222,249,1.020573
9472,220.5,202.0,293,330,1.003414
9473,404.5,106.0,73,82,1.306832
9473,441.0,220.5,146,183,1.096915
9473,458.5,407.5,59,93,1.053551
9473,274.5,116.0,67,76,1.051429
9473,536.5,480.5,97,153,1.050226
9473,299.5,244.0,97,152,1.039257
9473,235.5,330.0,59,94,1.01881
9473,467.5,84.0,103,116,1.006545
9474,403.0,107.0,68,76,1.191275
9474,441.0,220.5,146,183,1.101731
9474,98.5,423.5,77,97,1.055511
9474,473.5,90.5,111,125,1.047112
9474,275.5,115.0,73,82,1.032341
9474,321.5,170.0,73,82,1.025793
9474,402.5,110.0,103,116,1.020202
9475,404.0,103.5,78,87,1.174324
9475,275.5,106.0,73,82,1.104711
9475,452.5,316.5,55,87,1.067257
9475,518.5,295.5,59,93,1.05283
9475,566.0,487.5,68,107,1.045108
9475,463.0,224.0,118,148,1.016152
9475,148.0,406.0,84,94,1.016139
9475,137.5,232.5,83,105,1.003863
9476,407.5,107.5,89,101,1.274958
9476,266.0,123.0,78,88,1.051455
9476,384.5,424.5,89,101,1.015589
9476,512.0,340.0,78,88,1.012444
9476,542.0,364.5,78,97,1.012043
9476,534.0,91.0,96,108,1.00979
9476,304.5,428.5,63,71,1.00158
9477,411.5,111.0,83,94,1.253926
9477,549.0,480.0,84,94,1.026961
9477,292.0,409.0,90,142,1.014207
9477,455.0,289.5,64,101,1.011586
9477,174.5,165.5,73,91,1.006441
9477,276.0,113.0,78,88,1.006188
9477,480.0,77.5,136,153,1.001
9478,414.0,113.0,78,88,1.216775
9478,280.5,124.5,63,71,1.076344
9478,208.5,484.5,63,71,1.069449
9478,174.5,165.5,73,91,1.047624
9478,388.0,443.0,96,108,1.009996
9478,316.5,204.0,361,406,1.002182
9479,422.5,111.0,83,94,1.341122
9479,283.0,124.0,68,76,1.130338
9479,195.5,480.5,73,115,1.025319
9479,223.0,90.0,68,76,1.023886
9479,147.0,248.0,146,164,1.005999
9480,424.0,115.0,96,108,1.263174
9480,283.0,116.0,68,76,1.051726
9480,295.5,190.5,337,379,1.0178
9481,430.0,118.5,90,101,1.114103
9481,283.0,116.0,68,76,1.036937
9481,232.5,90.0,83,94,1.036072
9481,337.5,190.5,337,379,1.002708
9482,424.0,115.0,96,108,1.226449
9482,280.5,116.5,63,71,1.14796
9482,252.5,407.5,59,93,1.084343
9482,223.0,453.0,110,124,1.022019
9482,337.5,190.5,337,379,1.007634
9483,433.0,111.0,84,94,1.321551
9483,264.5,132.5,111,125,1.097433
9483,239.0,455.5,118,133,1.043497
9483,474.0,265.0,222,250,1.022285
9483,337.5,190.5,337,379,1.001859
9484,433.0,111.0,84,94,1.266481
9484,280.5,116.5,63,71,1.096993
9484,259.5,136.0,103,116,1.04288
9484,467.5,272.5,207,233,1.026127
9484,306.0,246.5,104,163,1.012197
9485,430.0,107.5,90,101,1.149537
9485,300.0,107.0,68,76,1.038161
9485,230.0,406.0,96,108,1.03104
9486,272.5,116.5,63,71,1.187092
9486,433.0,111.0,84,94,1.172691
9486,512.0,427.5,72,115,1.030673
9486,474.0,227.0,90,142,1.014306
9486,266.0,422.0,90,142,1.00411
9487,430.0,107.5,90,101,1.347532
9487,275.5,124.0,73,82,1.181556
9487,472.5,436.5,63,71,1.078631
9487,299.5,244.0,97,152,1.049303
9487,334.5,176.0,67,76,1.031174
9487,464.5,253.0,167,210,1.024283
9488,276.0,123.0,78,88,1.148861
9488,433.0,111.0,84,94,1.147843
9488,251.0,428.5,68,107,1.055123
9488,336.5,356.5,63,71,1.047209
9488,409.0,474.0,90,142,1.026267
9489,266.5,124.0,73,82,1.169389
9489,430.0,118.5,90,101,1.137413
9489,320.5,258.0,111,124,1.001654
9489,252.5,476.0,59,94,1.001609
9490,266.0,133.0,78,88,1.256556
9490,430.0,118.5,90,101,1.225509
9490,248.5,441.5,67,77,1.077474
9490,300.5,300.5,73,115,1.070965
9490,303.5,188.5,73,81,1.043172
9490,390.0,466.5,110,125,1.033431
9491,422.5,121.0,83,94,1.243406
9491,257.5,124.0,73,82,1.117687
9491,252.5,484.5,59,93,1.091163
9491,248.5,441.5,67,77,1.089681
9491,224.5,472.5,127,143,1.080768
9491,288.5,300.0,79,124,1.044066
9491,275.5,404.0,157,176,1.029617
9491,448.5,303.0,169,266,1.004123
9492,257.5,124.0,73,82,1.351885
9492,252.5,468.5,55,87,1.313155
9492,422.5,121.0,83,94,1.173245
9492,303.5,344.5,73,81,1.067775
9492,243.0,481.0,78,124,1.042721
9492,41.5,436.5,63,101,1.018834
9492,288.5,300.0,79,124,1.016527
9492,696.5,385.0,83,94,1.015237
9492,343.0,172.0,548,616,1.012726
9493,418.5,118.5,89,101,1.180642
9493,248.0,124.0,72,82,1.078147
9493,224.5,472.5,127,143,1.051332
9493,275.5,404.0,157,176,1.03803
9493,288.5,188.5,63,71,1.036798
9493,320.5,160.5,511,575,1.034706
9494,418.5,118.5,89,101,1.195071
9494,253.5,132.0,83,94,1.100237
9494,475.0,226.0,90,112,1.031673
9495,418.5,118.5,89,101,1.287092
9495,249.0,118.5,90,101,1.146758
9495,248.5,500.5,63,71,1.10088
9495,477.5,97.0,119,134,1.039343
9495,690.0,446.5,90,101,1.011269
9495,295.5,190.5,337,379,1.003654
9495,520.5,316.5,63,71,1.003303
9496,418.5,118.5,89,101,1.2586
9496,249.0,118.5,90,101,1.082548
9496,468.5,207.0,73,82,1.032777
9496,477.5,97.0,119,134,1.001598
9497,418.5,118.5,89,101,1.315289
9497,246.0,123.0,78,88,1.053434
9498,424.0,115.0,96,108,1.29548
9498,246.0,123.0,78,88,1.031494
9498,374.5,490.5,73,115,1.002477
9499,418.5,118.5,89,101,1.245999
9499,249.0,130.5,90,101,1.080309
9499,295.5,190.5,337,379,1.046543
9499,464.5,216.0,83,94,1.014953
9500,424.0,127.0,96,108,1.225602
9500,249.0,130.5,90,101,1.015559
9501,424.0,127.0,96,108,1.158207
9501,280.5,196.5,63,71,1.123866
9501,266.5,115.0,73,82,1.051252
9501,274.5,179.5,167,189,1.037257
9501,295.5,190.5,337,379,1.017494
9501,266.5,390.5,73,81,1.017479
9501,475.0,227.0,84,94,1.017214
9501,480.0,502.0,68,76,1.012417
9501,643.5,96.5,73,81,1.000577
9502,430.0,130.5,90,101,1.166831
9502,275.5,187.0,157,176,1.136536
9503,253.5,143.0,83,94,1.200729
9503,441.0,130.5,90,101,1.146677
9503,275.5,187.0,157,176,1.145856
9503,643.0,91.0,96,108,1.073868
9504,441.0,130.5,90,101,1.356738
9504,256.0,143.0,78,88,1.198951
9504,275.5,187.0,157,176,1.114767
9504,266.5,400.0,73,82,1.022748
9505,449.0,127.0,96,108,1.354904
9505,274.5,200.5,167,189,1.126159
9505,376.5,192.5,63,79,1.038913
9505,216.5,280.5,111,175,1.037146
9505,343.0,172.0,548,616,1.018348
9506,452.5,130.5,89,101,1.309818
9506,727.5,84.0,103,116,1.034376
9506,260.5,140.5,55,87,1.021542
9506,305.0,214.0,90,142,1.014271
9506,267.0,158.0,96,120,1.010635
9506,285.0,501.0,72,82,1.00073
9507,452.5,130.5,89,101,1.286843
9507,271.0,142.5,68,107,1.196024
9507,713.0,84.5,90,101,1.039607
9507,492.5,231.5,77,87,1.014665
9508,271.0,142.0,64,100,1.300456
9508,454.5,123.0,103,116,1.248012
9508,701.5,84.5,89,101,1.153491
9508,283.0,209.5,90,101,1.021373
9509,270.5,141.5,59,93,1.271422
9509,454.5,123.0,103,116,1.217104
9509,696.5,90.0,83,94,1.120547
9509,343.0,172.0,548,616,1.028969
9509,672.0,97.0,118,134,1.01825
9510,454.5,123.0,103,116,1.304492
9510,270.5,141.5,59,93,1.135777
9510,686.0,100.0,84,94,1.133489
9510,303.0,193.0,128,202,1.050684
9510,343.0,172.0,548,616,1.013637
9511,454.5,123.0,103,116,1.285088
9511,278.5,373.0,59,94,1.07977
9511,343.0,172.0,548,616,1.040688
9512,461.0,127.0,96,108,1.287614
9512,671.0,115.0,72,82,1.073299
9512,330.5,235.5,59,93,1.059949
9512,657.0,97.0,118,134,1.022618
9512,509.0,220.5,90,101,1.020262
9512,284.5,372.5,55,87,1.014724
9512,276.0,133.0,78,88,1.014209
9512,223.0,502.0,68,76,1.002002
9513,461.0,127.0,96,108,1.350037
9513,276.0,133.0,78,88,1.088822
9513,429.0,502.0,68,76,1.059909
9513,303.0,193.0,128,202,1.023331
9513,291.5,330.0,67,76,1.022313
9513,671.0,124.0,72,82,1.008523
9514,459.5,132.5,111,125,1.234198
9514,220.5,492.5,55,87,1.086894
9514,295.5,187.0,157,176,1.074304
9514,667.5,136.0,89,112,1.039153
9515,459.5,132.5,111,125,1.3041
9515,670.0,128.0,78,98,1.073285
9515,296.0,200.5,168,189,1.065078
9516,461.0,139.5,96,109,1.246531
9516,296.0,200.5,168,189,1.073699
9516,215.0,503.5,90,101,1.028395
9516,660.0,133.0,68,76,1.005537
9517,461.0,139.5,96,109,1.249868
9517,660.0,138.0,78,98,1.114601
9517,279.0,279.0,168,266,1.113736
9518,454.5,136.0,103,116,1.404104
9518,652.5,128.5,73,91,1.211778
9518,291.5,206.5,193,217,1.102616
9518,617.0,240.0,90,142,1.066976
9518,312.5,416.0,59,94,1.017286
9518,266.5,303.5,193,217,1.003668
9519,454.5,136.0,103,116,1.306596
9519,652.5,128.5,73,91,1.127903
9519,249.0,164.0,90,100,1.089727
9519,718.5,209.5,79,123,1.017397
9519,478.0,313.5,238,267,1.000123
9520,454.5,136.0,103,116,1.163428
9520,650.0,128.0,78,98,1.162491
9520,241.0,162.5,68,107,1.101145
9520,701.5,207.5,103,129,1.019234
9520,588.5,202.0,293,330,1.017925
9520,478.0,313.5,238,267,1.017379
9520,312.5,261.5,59,93,1.006942
9520,676.5,436.5,55,87,1.000244
9521,643.0,128.5,68,85,1.173764
9521,237.5,163.5,73,115,1.156545
9521,454.5,123.0,103,116,1.083284
9521,503.5,345.0,79,124,1.03608
9521,691.5,195.5,73,115,1.026874
9522,237.5,153.5,73,115,1.142156
9522,679.0,200.0,96,108,1.133906
9522,454.5,123.0,103,116,1.057497
9522,726.0,262.0,72,82,1.042845
9522,640.5,128.5,63,79,1.020437
9522,224.0,164.0,118,148,1.016126
9523,231.0,142.5,68,107,1.295772
9523,449.0,127.0,96,108,1.151502
9523,667.5,198.0,89,100,1.118524
9523,480.5,336.5,255,287,1.034303
9524,231.0,142.5,68,107,1.354194
9524,670.0,202.0,78,88,1.126776
9524,624.5,136.5,63,79,1.120335
9524,446.0,118.5,110,125,1.086613
9524,480.5,320.5,255,319,1.014253
9524,110.5,211.5,73,91,1.008016
9525,657.0,207.0,64,100,1.214068
9525,454.5,123.0,103,116,1.106711
9525,241.0,133.0,68,108,1.091474
9525,295.5,244.5,59,93,1.062514
9525,112.5,208.5,63,79,1.052342
9525,240.5,192.5,63,79,1.048983
9525,616.5,136.5,63,79,1.028534
9525,231.5,368.5,67,85,1.004591
9526,232.5,124.5,63,71,1.137614
9526,249.0,130.5,90,101,1.062734
9526,648.0,216.0,64,100,1.058471
9526,112.5,208.5,63,79,1.039414
9526,485.5,291.0,193,242,1.028337
9526,448.0,127.0,118,134,1.024342
9526,276.0,527.0,78,88,1.015142
9526,243.0,179.5,84,105,1.012245
9526,376.5,180.5,63,71,1.009376
9527,650.0,221.5,78,87,1.129519
9527,448.0,127.0,118,134,1.079815
9527,243.0,127.0,96,108,1.063557
9527,485.5,291.0,193,242,1.060621
9527,290.5,248.5,73,115,1.026199
9528,650.0,221.5,78,87,1.207002
9528,362.0,356.5,90,101,1.065497
9528,634.0,169.5,180,203,1.061812
9528,289.5,243.5,63,101,1.05391
9528,120.5,208.5,63,79,1.042493
9528,466.5,146.0,97,152,1.039176
9528,485.5,291.0,193,242,1.02918
9529,493.5,311.5,207,259,1.15746
9529,454.5,136.0,103,116,1.082387
9529,630.5,157.5,193,217,1.043016
9529,243.0,139.5,96,109,1.035725
9529,265.5,305.0,137,216,1.023006
9530,243.0,139.5,96,109,1.180633
9530,493.5,311.5,207,259,1.156174
9530,634.5,219.0,67,76,1.100719
9530,620.5,268.5,55,87,1.09005
9530,138.0,221.5,78,87,1.034485
9530,466.5,146.0,97,152,1.008953
9530,364.5,349.5,77,87,1.002278
9531,243.0,139.5,96,109,1.256735
9531,493.5,311.5,207,259,1.112011
9531,621.5,261.5,59,93,1.101857
9531,259.5,194.5,207,233,1.011215
9531,640.0,212.0,78,88,1.011174
9532,243.0,139.5,96,109,1.239578
9532,501.5,306.5,221,277,1.226065
9532,480.5,146.0,97,152,1.056877
9532,657.0,427.0,64,100,1.014686
9532,634.0,207.0,72,82,1.001843
9533,251.0,146.0,110,124,1.251882
9533,473.5,132.5,111,125,1.141046
9533,501.5,306.5,221,277,1.114078
9533,239.0,409.0,72,82,1.054226
9533,98.5,527.0,77,88,1.043572
9533,626.0,201.5,68,77,1.036011
9533,570.0,143.0,84,94,1.019239
9533,147.0,207.0,72,82,1.00991
9534,255.0,139.5,96,109,1.230535
9534,519.5,311.5,207,259,1.20405
9534,477.5,127.0,119,134,1.168906
9534,625.0,197.5,72,81,1.071287
9534,570.0,143.0,84,94,1.009904
9534,248.5,184.5,111,175,1.003257
9535,255.0,139.5,96,109,1.307418
9535,519.5,311.5,207,259,1.044727
9535,496.0,87.0,72,82,1.037633
9535,146.0,218.5,386,435,1.024437
9535,480.5,120.5,127,143,1.012922
9535,625.0,197.5,72,81,1.004678
9536,255.0,139.5,96,109,1.480268
9536,487.5,118.5,111,125,1.06719
9536,288.5,340.5,63,71,1.046221
9536,507.5,328.5,237,297,1.031548
9537,255.0,127.0,96,108,1.282654
9537,492.5,112.0,119,134,1.098862
9537,416.5,172.5,63,71,1.068685
9537,360.5,172.5,63,71,1.058096
9537,197.0,177.5,314,353,1.030222
9537,255.0,418.0,96,108,1.019955
9538,255.0,127.0,96,108,1.332618
9538,492.5,112.0,119,134,1.100566
9538,197.0,177.5,314,353,1.050384
9538,529.0,306.5,222,277,1.027146
9538,249.0,413.0,90,100,1.011498
9539,255.0,115.0,96,108,1.235269
9539,501.5,118.5,111,125,1.096629
9539,197.0,177.5,314,353,1.095044
9539,537.0,298.5,238,297,1.069296
9539,424.5,172.5,63,71,1.012703
9540,259.5,110.0,103,116,1.241359
9540,537.0,298.5,238,297,1.097619
9540,507.5,112.0,119,134,1.092562
9540,183.5,165.5,293,329,1.0857
9541,255.0,115.0,96,108,1.216363
9541,507.5,112.0,119,134,1.146944
9541,537.0,298.5,238,297,1.080691
9541,183.5,165.5,293,329,1.012451
9542,259.5,123.0,103,116,1.328884
9542,557.0,306.5,222,277,1.086249
9542,512.5,120.5,127,143,1.072292
9542,327.0,255.0,96,120,1.070882
9542,295.5,322.0,83,94,1.016141
9542,287.5,218.5,59,93,1.009403
9543,255.0,127.0,96,108,1.24001
9543,512.5,120.5,127,143,1.112959
9543,257.0,154.5,136,171,1.083421
9543,544.5,320.5,255,319,1.03082
9543,384.0,182.0,78,88,1.001517
9543,316.5,259.0,83,94,1.001461
9544,264.5,132.5,111,125,1.206293
9544,408.5,188.5,63,71,1.068992
9544,507.5,127.0,119,134,1.049101
9544,206.0,255.0,96,120,1.048147
9544,544.5,320.5,255,319,1.038318
9544,564.0,31.0,84,132,1.026536
9545,254.0,141.5,118,133,1.223416
9545,583.5,464.0,63,100,1.081093
9545,512.5,120.5,127,143,1.076826
9545,220.5,165.5,293,329,1.033964
9545,567.0,328.5,238,297,1.011221
9545,411.5,193.0,67,76,1.00561
9546,251.0,146.0,110,124,1.253389
9546,519.5,136.0,103,116,1.045637
9546,664.5,425.5,103,163,1.020744
9546,557.0,334.5,222,277,1.007443
9547,251.0,146.0,110,124,1.256052
9547,294.0,356.5,90,101,1.060269
9547,256.0,158.0,156,196,1.027449
9547,519.5,136.0,103,116,1.02271
9547,304.5,270.0,59,94,1.022196
9547,567.0,328.5,238,297,1.016933
9548,255.0,115.0,96,108,1.12717
9548,240.5,160.5,127,159,1.02469
9548,507.5,127.0,119,134,1.017333
9549,249.0,139.5,84,133,1.14619
9549,276.0,138.0,146,164,1.13211
9549,308.5,313.0,67,76,1.058026
9549,552.5,104.5,63,79,1.048773
9549,522.5,127.0,119,134,1.041145
9550,243.0,130.0,78,124,1.112819
9550,592.5,308.0,63,100,1.036576
9550,500.5,92.5,55,87,1.001949
9551,240.0,136.0,90,142,1.153793
9551,560.5,473.0,73,82,1.030783
9551,231.5,210.0,67,76,1.029413
9552,523.5,128.5,119,187,1.063351
9552,448.5,180.5,63,71,1.045832
9552,240.0,136.0,90,142,1.045829
9552,257.5,165.5,293,329,1.024251
9552,295.5,343.0,83,94,1.015557
9552,512.0,335.0,314,354,1.004782
9553,523.5,128.5,119,187,1.047387
9553,237.5,130.5,89,101,1.023287
9553,229.5,188.5,73,81,1.003318
9554,561.5,484.5,59,93,1.080461
9554,243.0,127.0,96,108,1.060747
9554,152.5,452.5,63,71,1.032602
9554,514.5,87.0,73,82,1.007983
9554,295.5,343.0,83,94,1.003505
9555,251.0,139.0,110,138,1.21701
9555,568.5,96.5,63,79,1.164087
9555,300.0,349.5,68,107,1.018533
9555,520.5,136.5,111,175,1.001193
9556,254.0,134.0,118,148,1.162687
9556,542.0,137.5,128,201,1.011521
9557,272.5,136.5,127,143,1.115675
9557,536.5,136.5,111,175,1.073883
9557,308.5,270.0,67,76,1.004963
9557,240.0,223.0,274,308,1.001724
9558,274.0,145.5,136,153,1.24146
9558,540.5,146.0,119,188,1.083372
9558,292.0,487.0,90,142,1.007232
9559,272.5,152.5,127,143,1.20788
9559,308.5,450.0,67,76,1.125265
9559,557.5,146.0,119,188,1.026611
9559,170.0,326.0,64,100,1.025525
9559,645.0,15.0,68,106,1.009016
9559,582.0,470.5,118,133,1.0009
9560,272.5,152.5,127,143,1.230871
9560,591.5,111.5,67,85,1.078553
9560,274.5,257.0,273,308,1.063441
9560,585.0,480.5,110,125,1.0089
9560,520.5,164.0,89,100,1.005955
9561,272.5,152.5,127,143,1.133433
9561,557.5,163.0,119,188,1.103551
9561,274.5,257.0,273,308,1.060185
9562,272.5,152.5,127,143,1.151796
9562,581.0,108.5,78,97,1.052102
9562,456.5,204.5,63,71,1.035765
9562,566.0,145.5,136,153,1.025481
9562,190.0,317.0,168,210,1.019228
9562,394.5,390.0,67,76,1.004474
9563,275.5,128.0,157,176,1.081325
9563,591.0,108.5,78,97,1.049632
9563,634.5,476.0,67,76,1.031598
9563,390.0,251.0,444,500,1.030672
9564,257.0,156.0,146,164,1.162063
9564,579.0,156.5,128,201,1.067564
9564,202.0,381.5,72,81,1.04675
9564,202.0,377.0,146,164,1.033282
9565,278.5,118.5,111,125,1.112571
9565,223.0,330.0,68,76,1.049543
9565,583.0,128.5,136,153,1.049196
9565,275.5,128.0,157,176,1.025669
9565,240.0,360.0,274,308,1.002356
9566,599.5,90.5,89,113,1.115119
9566,248.5,152.5,111,175,1.108465
9566,591.5,146.0,119,188,1.068485
9566,202.0,377.0,146,164,1.039574
9567,560.5,161.0,73,82,1.093259
9567,578.0,132.0,96,152,1.078503
9567,248.5,152.5,111,175,1.068901
9567,433.0,285.0,84,104,1.032928
9567,195.5,269.5,73,115,1.027609
9567,209.0,348.5,194,305,1.026339
9567,249.0,158.5,180,225,1.001549
9568,601.5,84.5,83,105,1.08716
9568,610.5,188.0,103,116,1.050464
9568,254.0,141.5,118,133,1.04996
9568,588.0,119.5,146,165,1.047838
9569,601.5,84.5,83,105,1.147685
9569,257.0,156.0,146,164,1.095182
9569,588.0,119.5,146,165,1.036182
9569,197.0,305.0,156,176,1.017112
9570,597.0,97.0,118,134,1.118188
9570,192.0,497.5,68,107,1.107571
9570,257.0,156.0,146,164,1.102891
9570,240.5,392.5,127,143,1.089694
9570,163.0,424.5,68,77,1.000409
9571,587.5,90.0,59,94,1.164331
9571,594.0,85.0,96,120,1.105539
9571,239.0,156.0,146,164,1.059086
9571,182.0,285.0,96,108,1.052659
9571,583.0,128.5,136,153,1.036016
9571,249.0,373.5,180,203,1.034361
9571,729.0,433.0,68,76,1.003347
9572,594.0,85.0,96,120,1.162477
9572,236.5,167.5,157,177,1.126114
9572,684.5,180.5,55,87,1.050308
9572,588.0,119.5,146,165,1.024859
9572,264.0,523.0,84,94,1.019245
9573,684.5,180.5,55,87,1.188124
9573,585.0,104.5,110,125,1.085964
9573,223.0,339.0,68,76,1.071733
9573,211.0,158.5,168,189,1.046841
9573,581.5,148.0,137,216,1.030667
9573,144.5,436.5,63,71,1.011952
9573,667.0,176.0,96,108,1.001727
9574,692.5,172.5,55,87,1.203499
9574,584.5,90.5,103,129,1.171594
9574,138.0,321.5,128,201,1.091353
9574,570.0,138.0,146,164,1.072339
9574,211.0,169.0,168,210,1.054352
9574,668.5,174.0,111,124,1.052367
9574,56.5,514.5,89,101,1.033644
9574,202.0,395.0,146,164,1.006793
9575,700.5,172.5,55,87,1.33968
9575,220.5,123.0,103,116,1.148066
9575,561.5,107.5,59,93,1.099039
9575,216.5,128.0,157,176,1.086593
9575,147.0,294.0,146,182,1.064961
9575,190.0,390.5,168,189,1.054914
9575,571.5,110.0,103,116,1.028961
9576,700.5,172.5,55,87,1.272022
9576,551.0,138.0,146,164,1.189233
9576,254.0,112.0,118,134,1.144143
9576,202.0,138.0,146,164,1.136994
9576,169.0,390.5,168,189,1.073269
9576,116.0,248.0,84,94,1.032592
9576,399.5,418.0,63,100,1.027892
9576,129.0,294.0,146,182,1.022559
9576,441.0,254.5,90,101,1.012414
9576,445.5,140.0,445,500,1.007164
9576,63.5,501.0,83,94,1.005321
9577,700.5,164.5,55,87,1.237514
9577,533.0,138.0,146,164,1.145221
9577,197.0,128.0,156,176,1.138857
9577,704.5,224.5,63,79,1.099394
9577,413.5,335.5,73,81,1.053172
9577,443.5,248.0,83,94,1.046507
9578,533.0,138.0,146,164,1.347031
9578,708.5,164.5,55,87,1.205471
9578,190.0,137.5,168,189,1.109043
9578,588.0,67.0,84,132,1.048771
9578,298.5,269.0,477,536,1.043233
9579,532.0,128.0,156,176,1.301103
9579,177.5,128.0,157,176,1.228179
9579,708.5,172.5,55,87,1.166966
9579,154.5,223.0,239,376,1.071569
9579,88.5,404.0,137,216,1.0388
9579,443.5,248.0,83,94,1.012279
9579,296.0,327.5,168,189,1.005472
9579,688.5,136.0,103,116,1.000468
9580,716.5,172.5,55,87,1.397653
9580,512.0,128.0,156,176,1.347062
9580,79.0,261.0,84,132,1.072278
9580,158.0,124.5,180,203,1.038285
9580,665.0,454.0,84,104,1.027607
9580,195.0,369.0,110,124,1.020045
9580,283.5,112.0,119,134,1.009466
9580,187.0,271.0,78,88,1.001353
9581,716.5,180.5,55,87,1.296806
9581,512.0,128.0,156,176,1.273232
9581,157.5,128.0,157,176,1.236031
9581,339.5,230.5,193,217,1.020702
9581,443.5,248.0,83,94,1.015631
9582,512.0,128.0,156,176,1.186879
9582,138.0,128.0,156,176,1.125731
9582,716.5,180.5,55,87,1.08386
9582,111.5,167.0,221,278,1.044256
9582,316.5,484.5,55,87,1.017746
9582,406.5,79.5,73,115,1.008135
9582,570.0,285.0,146,164,1.007651
9583,128.5,128.5,119,187,1.401302
9583,724.5,180.5,55,87,1.242197
9583,496.5,137.5,147,231,1.192599
9583,650.0,458.0,78,88,1.099248
9583,179.0,134.5,238,267,1.091291
9583,160.5,280.0,63,100,1.002019
9583,156.5,234.0,413,466,1.000449
9584,496.5,137.5,147,231,1.262901
9584,101.0,137.5,128,201,1.139364
9584,732.5,180.5,55,87,1.13229
9584,171.5,154.5,273,307,1.105185
9584,548.5,412.5,55,87,1.029875
9584,156.5,234.0,413,466,1.023975
9585,101.0,137.5,128,201,1.358763
9585,512.0,108.0,156,176,1.191258
9585,171.5,154.5,273,307,1.075592
9585,362.0,237.5,180,203,1.057924
9585,156.5,234.0,413,466,1.05708
9586,538.5,137.5,147,231,1.2632
9586,108.5,148.0,137,216,1.178125
9586,90.0,179.0,236,298,1.043198
9586,240.0,351.5,136,153,1.038247
9586,597.0,224.0,238,268,1.022587
9586,689.5,458.0,77,88,1.001853
9587,559.5,137.5,147,231,1.227776
9587,121.5,157.5,193,217,1.109682
9587,643.0,285.0,146,164,1.026106
9587,337.5,106.0,337,378,1.025906
9587,703.0,445.5,68,85,1.008595
9588,136.0,147.0,180,202,1.326105
9588,601.5,137.5,147,231,1.088552
9588,437.0,321.5,68,77,1.053745
9588,680.0,285.0,146,164,1.048376
9588,73.0,291.0,96,120,1.045007
9588,264.5,216.5,63,79,1.019762
9588,461.0,321.0,96,108,1.002164
9589,155.5,142.5,207,233,1.227557
9589,694.5,193.0,67,76,1.03593
9589,312.5,211.5,73,91,1.027378
9589,644.0,137.5,146,231,1.019958
9589,344.5,408.5,111,175,1.018111
9589,283.5,201.5,119,133,1.013303
9590,169.5,133.5,193,217,1.225169
9590,368.5,214.5,67,85,1.074711
9590,248.0,446.0,72,82,1.071743
9590,256.0,281.0,78,88,1.047778
9590,680.5,120.5,111,175,1.014307
9590,480.0,411.5,136,171,1.008067
9590,255.0,418.0,96,108,1.005825
9590,496.5,280.5,63,79,1.00254
9591,216.5,138.0,157,196,1.153485
9591,345.0,497.5,78,87,1.078822
9591,448.0,162.0,90,142,1.035257
9591,570.5,338.5,59,93,1.01474
9591,712.5,204.5,63,71,1.000874
9592,211.0,137.5,168,189,1.313693
9592,285.5,384.0,137,216,1.085938
9592,549.0,407.0,68,76,1.025246
9592,630.5,338.5,59,93,1.003083
9593,232.0,137.5,168,189,1.242299
9593,549.0,209.5,78,123,1.021498
9593,300.5,386.0,119,188,1.002994
9594,256.0,148.0,156,176,1.125305
9594,229.5,257.5,73,91,1.112193
9594,354.5,177.5,315,353,1.066059
9594,48.5,308.5,63,71,1.039244
9594,616.5,209.5,79,123,1.033234
9594,565.5,373.0,89,112,1.02214
9594,594.0,85.0,78,124,1.021274
9595,294.0,107.5,90,101,1.096257
9595,633.5,435.5,89,101,1.072749
9595,278.5,158.5,59,93,1.0451
9595,684.5,209.5,79,123,1.036816
9595,111.5,304.0,67,76,1.0359
9595,332.5,227.0,73,116,1.014446
9595,296.0,179.5,168,189,1.007328
9596,231.5,467.0,67,76,1.042353
9596,597.0,209.0,238,298,1.038082
9596,454.5,502.0,67,76,1.022744
9596,344.5,140.5,63,71,1.016231
9596,428.0,349.5,68,107,1.01584
9597,730.5,142.0,63,100,1.034005
9597,351.5,159.0,67,76,1.026575
9597,110.0,321.5,146,165,1.020896
9598,386.0,211.5,146,165,1.122383
9598,146.0,297.0,96,108,1.097058
9598,179.0,283.5,238,267,1.048601
9598,443.0,369.5,78,87,1.02382
9599,194.5,292.0,103,116,1.205054
9599,392.5,216.5,111,175,1.039474
9599,56.5,216.5,63,79,1.028267
9599,171.5,248.5,137,153,1.018846
9599,455.0,321.5,84,133,1.01702
9599,363.5,220.5,207,233,1.015018
9599,200.5,348.5,147,231,1.004429
9600,243.0,297.0,96,108,1.126171
9600,246.0,231.5,78,87,1.05243
9600,88.5,212.5,63,71,1.050317
9600,246.5,345.0,137,216,1.00355
9600,425.0,202.0,96,152,1.000612
9601,285.5,345.0,137,216,1.110084
9601,454.0,227.0,84,94,1.086541
9601,446.0,197.5,136,153,1.044017
9601,327.0,455.0,96,108,1.015705
9602,38.5,338.5,59,93,1.127286
9602,327.5,348.5,147,231,1.077128
9602,243.0,153.0,84,94,1.053708
9602,507.5,373.0,237,268,1.040731
9603,500.0,188.0,90,142,1.10035
9603,376.0,299.5,110,125,1.091327
9603,537.0,373.0,238,268,1.079791
9603,359.0,263.5,168,189,1.054328
9603,268.5,313.5,119,149,1.03274
9603,256.5,156.5,63,71,1.02167
9604,527.5,176.0,83,132,1.073918
9604,404.0,299.5,110,125,1.058285
9604,158.5,330.0,59,94,1.051345
9604,296.5,156.5,63,71,1.050323
9604,424.5,376.0,169,266,1.033435
9604,475.0,169.5,180,203,1.029466
9604,90.5,240.0,103,116,1.01302
9604,98.5,359.5,77,87,1.009073
9604,321.5,295.5,59,93,1.005024
9605,148.0,359.5,78,87,1.05501
9605,237.5,356.5,89,101,1.049459
9605,359.0,153.0,84,94,1.047578
9605,404.5,418.0,73,82,1.040523
9605,201.5,330.0,59,94,1.031312
9606,368.5,156.5,63,71,1.047813
9606,155.5,298.5,207,233,1.039432
9606,286.0,359.5,78,87,1.038824
9606,390.5,153.0,83,94,1.038085
9606,448.5,312.5,63,79,1.034148
9607,403.0,159.0,68,76,1.108199
9607,418.0,308.0,64,100,1.060231
9607,430.0,152.5,90,101,1.041337
9607,471.5,467.0,67,76,1.000768
9608,649.5,201.5,103,163,1.123871
9608,188.0,90.5,96,153,1.072171
9608,670.0,359.5,78,87,1.067525
9608,259.5,233.5,103,129,1.031392
9608,256.0,359.5,78,87,1.024503
9608,154.5,257.0,239,376,1.012344
9608,675.5,480.5,97,153,1.009157
9608,411.5,210.0,67,76,1.008061
9608,566.0,215.0,180,202,1.004817
9609,675.5,480.5,97,153,1.091641
9609,661.0,212.0,84,132,1.056889
9609,274.5,210.0,67,76,1.042473
9609,253.0,263.5,168,189,1.040536
9609,216.0,90.5,96,153,1.024563
9609,147.0,469.5,90,101,1.007225
9609,582.0,309.0,96,108,1.006352
9609,269.0,313.5,238,267,1.005217
9610,266.0,130.0,78,124,1.115841
9610,510.0,308.0,64,100,1.101683
9610,308.5,210.0,67,76,1.052061
9610,413.5,363.0,73,82,1.025927
9610,432.5,360.5,127,143,1.01925
9611,297.0,127.5,84,133,1.168921
9611,272.5,364.5,63,71,1.036709
9611,669.0,287.0,68,76,1.02027
9611,686.0,265.5,136,153,1.01048
9611,446.0,424.5,68,77,1.003846
9612,321.0,127.5,84,133,1.120004
9612,386.0,363.0,72,82,1.070195
9612,312.5,372.0,73,82,1.061225
9612,83.5,195.0,111,138,1.054089
9612,487.0,197.5,72,81,1.053204
9612,564.5,322.0,73,116,1.040293
9612,463.0,279.0,68,76,1.034027
9612,546.0,291.0,96,120,1.021621
9613,346.0,127.5,84,133,1.068408
9613,152.5,376.5,111,175,1.036569
9613,335.0,369.5,78,87,1.011316
9613,111.5,195.0,111,138,1.005313
9613,485.5,375.0,83,94,1.004753
9613,392.5,264.5,111,175,1.004247
9613,388.0,467.0,96,108,1.002803
9614,358.0,127.5,84,133,1.109645
9614,502.0,369.5,78,87,1.056165
9614,408.5,264.5,111,175,1.055155
9614,157.5,133.5,169,265,1.000993
9615,370.0,123.0,90,142,1.125023
9615,139.5,195.0,111,138,1.066878
9615,74.0,216.0,84,94,1.056746
9615,623.0,164.0,84,94,1.018027
9615,367.5,372.0,73,82,1.015573
9615,570.0,303.0,146,164,1.006083
9616,382.0,127.5,84,133,1.127064
9616,149.0,194.0,118,148,1.100216
9616,138.0,374.5,78,97,1.040838
9616,448.0,239.0,118,148,1.04002
9616,520.5,379.0,89,100,1.036578
9616,557.5,197.5,67,85,1.032478
9616,368.5,381.5,67,77,1.027073
9616,84.5,216.0,83,94,1.005021
9617,396.0,123.0,90,142,1.105567
9617,103.0,219.0,68,76,1.054468
9617,535.5,373.0,59,94,1.047399
9617,294.0,248.0,146,164,1.016923
9617,528.0,417.0,84,94,1.011849
9617,79.0,209.5,90,101,1.011432
9617,128.0,404.0,136,216,1.010831
9617,615.5,294.5,73,91,1.0067
9617,188.5,210.0,67,76,1.003549
9617,485.5,216.0,83,94,1.001818
9617,459.5,237.0,111,138,1.000288
9618,402.0,119.0,78,124,1.119046
9618,138.0,413.5,128,201,1.066036
9618,473.5,237.0,111,138,1.036212
9618,533.0,418.0,72,82,1.010461
9618,164.0,194.0,118,148,1.007574
9618,552.5,410.5,119,133,1.006223
9618,543.0,480.5,90,101,1.00307
9619,409.0,123.0,90,142,1.13831
9619,138.0,413.5,128,201,1.10613
9619,200.5,204.5,63,71,1.033809
9619,395.0,381.5,72,81,1.032029
9619,477.5,239.0,119,148,1.026363
9619,551.5,372.0,73,82,1.02362
9619,662.5,324.5,103,129,1.013344
9620,409.0,123.0,90,142,1.08622
9620,480.0,240.0,136,170,1.055727
9620,138.0,413.5,128,201,1.054645
9620,559.5,480.0,83,94,1.000566
9621,418.0,115.0,84,132,1.087209
9621,317.0,459.0,68,76,1.055023
9621,158.5,380.0,83,104,1.046318
9621,145.5,420.0,119,188,1.045229
9621,404.0,389.0,78,88,1.040081
9621,569.5,372.0,73,82,1.017221
9621,649.5,246.5,207,233,1.015175
9622,430.5,115.0,83,132,1.152475
9622,147.5,423.5,137,215,1.105858
9622,148.0,153.0,84,94,1.029162
9622,197.0,182.0,78,88,1.009186
9622,101.0,207.0,72,82,1.005961
9622,414.0,389.0,78,88,1.000788
9623,497.0,240.0,136,170,1.070551
9623,430.5,115.0,83,132,1.067226
9623,581.0,379.0,78,88,1.065747
9623,147.5,423.5,137,215,1.039661
9623,194.0,186.5,118,133,1.031873
9623,579.0,289.5,72,81,1.015735
9624,435.0,110.0,90,142,1.219924
9624,53.0,443.5,84,105,1.09446
9624,422.5,396.0,83,94,1.054258
9624,103.5,233.5,103,129,1.027699
9624,591.0,379.0,78,88,1.017737
9624,249.0,114.0,316,496,1.014682
9624,380.0,411.5,168,189,1.009417
9624,448.5,200.5,127,143,1.005112
9625,156.0,431.5,128,201,1.056541
9625,517.0,389.0,68,108,1.049502
9625,515.0,239.0,146,182,1.043978
9625,113.0,238.0,90,112,1.042282
9625,336.5,476.5,63,71,1.030502
9625,206.5,133.5,169,265,1.020986
9625,438.5,100.5,73,115,1.017704
9625,701.5,331.0,103,116,1.002412
9626,192.5,192.5,127,159,1.139836
9626,448.0,110.0,90,142,1.104131
9626,515.0,239.0,146,182,1.054689
9626,519.5,391.0,63,100,1.028983
9626,156.0,431.5,128,201,1.02839
9626,601.0,290.5,78,87,1.01966
9626,306.5,299.5,111,125,1.01233
9626,411.5,381.5,67,77,1.004257
9626,433.0,396.0,84,94,1.001915
9627,452.5,104.5,97,153,1.208015
9627,192.5,192.5,127,159,1.038568
9627,150.5,373.0,59,94,1.014411
9627,344.5,484.5,63,71,1.011428
9627,515.0,239.0,146,182,1.010156
9627,611.0,389.0,78,88,1.008606
9628,461.0,97.0,90,142,1.093897
9628,533.0,239.0,146,182,1.062304
9628,640.0,212.0,78,88,1.040369
9628,335.0,202.0,78,88,1.037602
9628,537.0,399.0,68,108,1.011054
9629,206.0,206.0,136,170,1.111476
9629,74.0,454.0,84,104,1.103558
9629,532.0,240.0,136,170,1.096158
9629,466.5,104.5,97,153,1.095771
9629,549.0,411.5,68,85,1.011979
9630,206.0,206.0,136,170,1.141695
9630,474.0,110.0,90,142,1.072942
9630,355.5,501.5,59,93,1.047473
9630,560.5,228.5,63,71,1.00081
9631,474.0,110.0,90,142,1.191857
9631,206.0,206.0,136,170,1.173313
9631,531.5,304.0,67,76,1.159474
9631,168.5,384.5,63,79,1.077356
9631,181.0,407.0,90,112,1.059809
9631,364.5,508.5,55,87,1.035153
9631,651.5,210.0,67,76,1.001186
9631,267.0,122.0,338,532,1.000046
9632,533.0,349.5,72,91,1.17274
9632,246.0,221.5,78,87,1.120977
9632,206.0,206.0,136,170,1.112499
9632,364.5,510.5,59,93,1.090829
9632,474.0,110.0,90,142,1.056299
9632,665.0,389.0,68,108,1.052982
9632,231.5,510.0,67,76,1.029379
9632,551.0,257.5,146,183,1.022468
9632,151.5,391.0,63,100,1.009359
9633,364.5,516.5,55,87,1.15146
9633,551.5,256.0,157,196,1.138855
9633,206.0,206.0,136,170,1.097984
9633,720.5,236.5,63,71,1.074066
9633,485.0,112.0,104,164,1.038785
9633,528.5,428.5,63,71,1.020454
9634,364.5,518.5,59,93,1.158589
9634,480.5,118.5,97,153,1.108098
9634,243.0,227.0,84,94,1.101373
9634,542.0,317.0,72,82,1.062601
9634,551.5,256.0,157,196,1.0327
9634,221.0,211.5,146,165,1.023109
9634,171.5,394.5,67,85,1.009704
9634,175.0,435.0,90,142,1.008881
9635,364.5,524.5,55,87,1.117628
9635,675.5,400.0,63,100,1.065213
9635,246.0,231.5,78,87,1.052384
9635,221.0,211.5,146,165,1.025286
9635,564.0,430.5,84,133,1.010927
9635,488.5,120.5,111,175,1.001977
9636,480.5,118.5,97,153,1.059202
9636,246.0,231.5,78,87,1.053034
9636,544.5,444.5,63,71,1.050514
9636,564.5,438.5,73,115,1.048689
9636,459.5,455.0,73,82,1.03788
9636,506.0,279.0,68,76,1.032506
9636,595.5,244.5,59,93,1.02007
9636,566.0,274.5,136,171,1.008853
9636,182.0,424.5,96,121,1.005902
9637,571.0,447.0,78,124,1.126279
9637,480.5,118.5,97,153,1.069089
9637,165.5,161.0,73,82,1.065591
9637,588.5,249.0,89,112,1.04585
9638,571.0,447.0,78,124,1.14255
9638,604.5,252.5,55,87,1.047554
9638,246.5,89.0,137,214,1.045088
9638,684.5,418.0,63,100,1.039086
9638,496.0,308.0,72,82,1.035449
9638,221.0,211.5,146,165,1.020198
9638,570.0,275.5,146,183,1.019818
9638,504.5,120.5,111,175,1.011382
9638,164.5,412.5,55,87,1.010215
9639,246.5,89.0,137,214,1.152344
9639,570.0,274.5,168,211,1.09403
9639,514.5,115.0,73,82,1.067472
9639,576.0,455.0,84,132,1.010532
9640,504.5,120.5,111,175,1.106891
9640,246.5,89.0,137,214,1.078861
9640,609.0,253.0,68,76,1.047322
9640,690.5,424.5,59,93,1.046839
9640,202.0,220.5,146,183,1.039872
9640,570.0,274.5,168,211,1.033397
9640,167.5,416.0,59,94,1.017029
9641,248.0,101.5,128,201,1.147777
9641,576.0,467.0,84,132,1.084033
9641,566.0,339.0,68,76,1.083613
9641,174.5,170.0,73,82,1.0294
9641,168.5,441.5,103,129,1.022616
9641,570.0,274.5,168,211,1.018776
9641,504.5,120.5,111,175,1.012461
9642,611.0,260.0,90,112,1.091802
9642,588.0,467.0,84,132,1.086281
9642,248.0,101.5,128,201,1.04771
9642,168.5,172.5,63,71,1.029024
9642,500.0,126.5,104,163,1.024434
9642,202.0,220.5,146,183,1.008435
9642,523.0,296.0,68,76,1.00701
9643,500.0,126.5,104,163,1.203983
9643,168.5,454.5,103,129,1.073236
9643,264.0,95.5,146,231,1.058433
9643,561.5,487.5,77,87,1.034164
9643,591.0,474.0,90,142,1.030154
9643,473.0,479.0,96,108,1.013237
9644,504.5,120.5,111,175,1.245045
9644,560.5,482.5,73,81,1.077619
9644,248.0,101.5,128,201,1.071456
9644,248.5,224.5,63,79,1.04608
9644,582.0,350.5,118,133,1.042777
9644,471.5,454.5,119,187,1.026759
9644,168.5,454.5,103,129,1.002957
9644,206.0,223.0,136,170,1.001942
9645,504.5,120.5,111,175,1.352399
9645,248.0,101.5,128,201,1.123463
9645,574.5,364.0,67,76,1.042584
9645,148.5,428.5,55,87,1.038203
9645,531.5,304.0,67,76,1.036018
9645,208.5,216.5,127,143,1.023848
9645,588.0,294.5,180,225,1.021086
9645,395.0,271.0,72,82,1.011455
9646,508.5,118.5,97,153,1.252972
9646,560.5,491.5,73,81,1.095573
9646,591.0,487.0,90,142,1.08719
9646,591.0,296.0,168,210,1.039678
9646,208.5,216.5,127,143,1.022924
9646,160.5,492.5,63,71,1.000045
9647,508.5,118.5,97,153,1.348677
9647,209.0,216.5,118,133,1.069944
9647,588.0,491.0,84,132,1.046261
9647,591.0,296.0,168,210,1.024746
9648,508.5,118.5,97,153,1.265043
9648,566.0,493.0,68,76,1.050757
9648,40.5,500.5,63,71,1.015755
9648,588.0,491.0,84,132,1.015602
9648,622.0,271.5,90,113,1.001519
9649,515.0,112.0,104,164,1.269533
9649,480.5,500.0,103,116,1.057327
9649,208.5,216.5,127,143,1.04969
9649,630.5,270.0,59,94,1.03617
9649,577.0,396.0,90,112,1.006671
9649,560.5,501.0,73,82,1.005146
9649,640.5,456.5,127,143,1.004849
9650,508.5,118.5,97,153,1.274299
9650,272.0,102.0,180,202,1.087465
9650,202.0,230.0,146,164,1.041648
9650,566.0,502.0,68,76,1.025971
9650,636.5,268.5,55,87,1.005206
9651,508.5,118.5,97,153,1.218444
9651,257.0,119.5,146,165,1.104339
9651,570.0,512.0,84,94,1.029592
9651,630.0,305.0,90,142,1.028026
9651,240.0,210.0,68,76,1.001816
9652,504.5,120.5,111,175,1.384979
9652,257.0,119.5,146,165,1.04553
9652,588.0,294.5,180,225,1.014888
9653,504.5,120.5,111,175,1.372287
9653,260.5,124.5,157,247,1.131219
9653,579.0,363.0,72,82,1.058354
9653,140.5,500.5,55,87,1.045169
9653,113.0,448.0,68,108,1.04372
9653,569.5,510.0,73,82,1.007595
9654,505.5,128.5,119,187,1.352175
9654,218.5,230.5,193,217,1.104609
9654,257.0,119.5,146,165,1.054009
9655,505.5,128.5,119,187,1.212972
9655,124.5,501.5,59,93,1.071137
9655,599.0,369.0,110,124,1.048272
9655,253.0,116.5,168,189,1.043125
9655,570.0,523.0,84,94,1.042439
9655,633.5,283.0,89,112,1.020909
9655,126.5,174.0,83,94,1.007463
9656,505.5,128.5,119,187,1.158437
9656,242.5,137.5,147,231,1.041263
9656,588.5,367.5,89,101,1.019999
9656,565.5,419.0,89,112,1.019534
9657,488.5,128.5,119,187,1.150187
9657,242.5,137.5,147,231,1.077165
9657,569.5,519.0,73,82,1.041497
9657,591.0,375.0,84,94,1.025638
9657,565.5,419.0,89,112,1.024692
9657,176.5,216.5,127,143,1.012777
9658,488.5,128.5,119,187,1.290659
9658,242.5,137.5,147,231,1.086758
9658,118.0,182.0,78,88,1.044354
9658,630.0,318.0,90,142,1.032628
9658,388.5,508.5,55,87,1.01962
9658,577.0,419.0,90,112,1.018244
9658,96.5,480.5,127,159,1.01061
9659,488.5,128.5,119,187,1.222797
9659,98.5,518.5,59,93,1.042907
9659,249.0,124.5,180,203,1.035511
9659,209.0,224.0,238,268,1.025782
9659,630.0,318.0,90,142,1.02432
9659,571.5,324.5,207,233,1.024047
9660,487.0,137.5,128,201,1.257323
9660,207.5,220.5,207,233,1.017025
9660,543.5,448.5,73,115,1.012125
9660,523.0,265.5,68,85,1.004598
9661,487.0,137.5,128,201,1.234991
9661,597.0,380.5,118,133,1.075549
9662,487.0,137.5,128,201,1.201697
9662,194.5,230.5,193,217,1.03124
9662,102.0,379.0,90,100,1.020066
9662,89.5,500.0,119,134,1.010877
9662,571.0,379.0,78,88,1.010343
9663,488.5,146.0,119,188,1.108191
9663,535.5,441.5,59,93,1.096445
9663,194.5,230.5,193,217,1.084531
9663,597.0,380.5,118,133,1.056006
9664,487.0,137.5,128,201,1.149111
9664,577.0,379.0,90,100,1.078976
9664,558.0,436.5,96,121,1.010436
9664,50.5,464.0,63,100,1.004963
9664,194.5,230.5,193,217,1.003933
9665,471.5,146.0,119,188,1.198471
9665,582.0,433.0,118,148,1.136312
9665,68.5,516.5,55,87,1.094042
9665,72.5,467.5,59,93,1.055517
9665,571.5,389.5,207,259,1.046386
9665,195.0,237.0,222,250,1.032333
9666,471.5,146.0,119,188,1.23306
9666,627.0,306.5,110,139,1.095474
9666,195.0,237.0,222,250,1.01773
9666,58.5,469.5,73,115,1.014295
9666,588.5,379.0,89,100,1.009001
9666,454.5,527.0,67,76,1.007493
9667,454.5,143.0,181,284,1.323319
9667,91.0,176.0,84,132,1.150839
9667,496.0,354.0,72,82,1.007789
9668,463.0,135.0,208,326,1.309876
9668,110.0,175.0,90,142,1.184949
9668,471.5,313.0,67,76,1.011836
9669,480.5,143.0,181,284,1.379993
9669,127.0,176.0,84,132,1.160136
9670,488.0,153.5,194,305,1.518753
9670,139.5,164.0,83,132,1.212089
9671,488.0,153.5,194,305,1.415449
9671,154.5,193.0,67,76,1.122717
9671,152.0,164.0,84,132,1.118234
9672,488.0,153.5,194,305,1.48086
9672,149.0,162.0,90,142,1.151373
9673,488.0,153.5,194,305,1.503486
9673,160.0,174.0,96,152,1.194041
9674,488.0,153.5,194,305,1.494277
9674,174.0,174.0,96,152,1.186203
9674,464.5,312.5,63,79,1.00374
9675,488.0,153.5,194,305,1.515764
9675,175.0,175.0,90,142,1.192529
9676,488.0,153.5,194,305,1.44902
9676,174.0,174.0,96,152,1.131669
9677,488.0,153.5,194,305,1.432509
9677,188.0,188.0,96,152,1.154349
9678,460.0,153.5,194,305,1.471792
9678,186.5,186.5,103,163,1.299054
9678,459.5,326.0,73,82,1.0683
9678,606.0,267.0,96,120,1.066253
9678,649.5,428.5,207,233,1.021011
9679,460.0,153.5,194,305,1.589089
9679,186.5,186.5,103,163,1.27004
9679,630.5,424.5,193,217,1.019688
9679,613.0,258.0,110,124,1.014466
9680,460.0,153.5,194,305,1.577266
9680,201.5,186.5,103,163,1.209735
9680,630.5,424.5,193,217,1.03923
9681,460.0,153.5,194,305,1.59067
9681,200.5,184.5,111,175,1.423191
9681,489.0,321.5,68,77,1.05013
9681,623.5,428.5,207,233,1.023941
9682,460.0,153.5,194,305,1.568167
9682,200.5,184.5,111,175,1.333018
9682,712.5,308.5,63,71,1.106547
9683,432.0,153.5,194,305,1.552879
9683,216.5,184.5,111,175,1.417969
9683,433.0,330.0,78,88,1.006845
9683,446.0,399.0,68,76,1.005274
9683,348.5,369.5,83,105,1.00216
9684,432.0,153.5,194,305,1.591925
9684,231.5,180.0,119,188,1.430731
9685,432.0,153.5,194,305,1.648371
9685,248.5,180.0,119,188,1.339302
9685,422.5,326.0,73,82,1.029173
9685,298.5,194.0,237,268,1.010159
9685,440.5,404.5,63,71,1.003212
9686,432.0,153.5,194,305,1.672487
9686,265.5,180.0,119,188,1.320211
9686,354.5,177.5,315,353,1.074282
9686,560.5,225.0,73,82,1.009203
9687,432.0,153.5,194,305,1.59758
9687,282.5,180.0,119,188,1.255299
9687,354.5,177.5,315,353,1.09412
9688,432.0,153.5,194,305,1.491545
9688,285.0,174.5,128,201,1.156155
9688,354.5,177.5,315,353,1.097268
9688,512.0,138.5,314,353,1.009818
9689,432.0,153.5,194,305,1.548604
9689,317.0,179.5,168,189,1.03927
9689,512.0,138.5,314,353,1.010347
9690,432.0,153.5,194,305,1.379863
9690,414.0,330.0,78,88,1.020561
9690,671.0,234.0,72,82,1.012122
9691,433.0,164.5,208,327,1.408004
9691,582.5,448.5,193,217,1.011653
9692,404.0,153.5,194,305,1.379306
9692,504.5,80.5,63,79,1.058878
9692,720.0,381.5,68,77,1.05139
9692,712.5,271.0,63,100,1.004616
9693,404.0,153.5,194,305,1.467188
9693,681.5,278.5,59,93,1.021741
9694,432.0,153.5,194,305,1.484803
9694,416.5,396.5,63,71,1.069101
9694,557.5,39.0,67,76,1.016745
9695,432.0,153.5,194,305,1.447584
9696,432.0,153.5,194,305,1.458128
9696,475.0,333.5,90,101,1.023165
9697,432.0,153.5,194,305,1.443169
9697,473.0,333.5,96,109,1.02372
9698,432.0,153.5,194,305,1.483898
9698,582.5,424.5,193,217,1.033098
9698,643.0,227.0,90,142,1.013611
9699,432.0,153.5,194,305,1.438692
9699,582.5,424.5,193,217,1.023338
9700,432.0,153.5,194,305,1.392436
9700,560.5,184.5,127,143,1.05486
9700,334.5,287.0,67,76,1.045252
9700,582.5,424.5,193,217,1.028412
9701,433.0,164.5,208,327,1.41214
9701,592.5,184.5,127,143,1.052908
9701,580.5,48.0,83,94,1.002925
9702,433.0,164.5,208,327,1.461144
9702,606.5,193.0,147,164,1.079454
9702,582.5,448.5,193,217,1.03678
9702,285.0,381.5,72,81,1.022175
9703,432.0,153.5,194,305,1.475837
9703,630.5,197.0,157,196,1.076955
9703,582.0,55.0,96,108,1.045599
9703,729.0,317.5,68,85,1.034062
9704,428.5,168.5,181,285,1.521599
9704,630.5,194.0,193,242,1.192194
9704,704.5,320.5,63,79,1.083652
9704,588.0,441.5,180,203,1.042114
9704,343.0,454.5,68,85,1.011981
9704,459.5,202.5,257,403,1.000929
9705,428.5,168.5,181,285,1.506722
9705,684.5,308.5,55,87,1.090749
9705,459.5,202.5,257,403,1.06419
9705,588.0,441.5,180,203,1.025025
9705,656.0,203.5,180,225,1.006162
9705,450.5,510.0,73,82,1.005043
9706,428.5,168.5,181,285,1.48709
9706,709.0,281.0,78,88,1.042555
9706,459.5,202.5,257,403,1.016504
9706,588.0,441.5,180,203,1.007704
9707,428.5,168.5,181,285,1.424034
9707,459.5,202.5,257,403,1.040188
9707,588.0,418.5,180,203,1.020068
9708,428.5,168.5,181,285,1.468131
9708,588.0,441.5,180,203,1.072331
9708,459.5,202.5,257,403,1.034552
9708,291.5,364.0,67,76,1.004295
9708,718.0,269.0,84,94,1.001253
9709,428.5,168.5,181,285,1.463989
9709,566.0,54.5,68,107,1.062964
9709,588.0,441.5,180,203,1.026371
9710,428.5,168.5,181,285,1.416014
9710,588.0,441.5,180,203,1.019859
9710,617.0,283.0,136,154,1.003935
9711,428.5,168.5,181,285,1.37493
9711,640.5,400.5,255,287,1.103019
9711,600.0,253.0,68,76,1.07067
9711,459.5,166.0,257,402,1.029701
9712,432.0,153.5,194,305,1.334736
9712,571.0,241.0,78,88,1.062184
9712,627.0,403.0,238,268,1.028087
9713,454.5,168.5,181,285,1.419159
9713,720.0,360.0,136,170,1.09648
9713,588.0,418.5,180,203,1.041209
9713,360.0,454.5,68,85,1.015917
9714,482.5,128.0,137,216,1.244764
9714,171.5,223.0,273,308,1.065092
9714,564.5,444.5,55,87,1.023545
9714,588.5,430.0,89,112,1.0124
9714,617.0,403.0,136,154,1.010624
9715,487.0,137.5,128,201,1.289232
9715,633.0,453.5,168,189,1.019804
9715,192.5,208.5,255,287,1.011525
9716,487.0,137.5,128,201,1.400764
9716,643.0,291.0,96,120,1.023273
9716,127.0,211.0,168,210,1.021972
9716,600.0,463.0,136,170,1.004756
9717,487.0,137.5,128,201,1.314558
9717,77.0,85.5,68,85,1.029361
9717,179.0,194.0,238,268,1.02244
9717,163.0,519.0,68,76,1.003069
9718,487.0,137.5,128,201,1.340334
9718,167.0,209.0,222,250,1.041993
9718,612.0,448.0,118,148,1.037637
9718,507.5,261.5,119,133,1.015192
9718,543.0,333.5,90,101,1.004953
9719,487.0,137.5,128,201,1.29953
9719,160.5,208.5,255,287,1.035688
9719,634.5,386.0,137,154,1.024071
9719,564.0,479.0,84,132,1.008846
9720,487.0,137.5,128,201,1.235086
9720,625.0,395.0,146,164,1.038983
9720,543.0,333.5,90,101,1.038739
9720,167.0,209.0,222,250,1.018116
9721,487.0,137.5,128,201,1.174844
9721,506.5,253.0,103,116,1.043973
9721,139.5,181.0,111,138,1.034617
9721,160.5,208.5,255,287,1.006934
9721,542.0,335.5,72,81,1.000819
9722,487.0,137.5,128,201,1.129878
9722,612.0,448.0,118,148,1.062004
9722,120.5,200.5,111,175,1.002955
9723,487.0,137.5,128,201,1.197218
9723,612.0,448.0,118,148,1.125245
9723,136.5,364.5,63,71,1.026476
9724,487.0,137.5,128,201,1.115011
9724,591.0,433.0,84,104,1.023912
9724,98.5,187.0,157,176,1.004499
9725,591.0,433.0,84,104,1.103419
9725,487.0,137.5,128,201,1.1028
9726,482.5,128.0,137,216,1.131588
9726,125.5,181.0,111,138,1.088368
9726,521.0,261.0,96,108,1.06254
9726,588.0,431.5,72,91,1.017449
9726,172.5,268.5,55,87,1.007557
9727,482.5,128.0,137,216,1.141762
9727,611.0,390.5,90,101,1.022524
9728,482.5,128.0,137,216,1.053827
9728,597.0,291.0,118,134,1.015676
9728,224.0,201.5,118,133,1.007418
9728,183.5,202.0,293,330,1.005642
9729,125.5,181.0,111,138,1.084189
9729,515.5,104.5,111,125,1.034132
9729,597.0,291.0,118,134,1.020949
9729,613.0,446.0,110,138,1.017273
9729,634.5,386.0,137,154,1.010477
9730,613.0,446.0,110,138,1.128551
9730,488.5,111.5,119,187,1.045203
9730,497.5,527.0,67,76,1.037543
9730,125.5,181.0,111,138,1.009981
9731,507.5,156.5,119,133,1.029731
9731,544.5,80.5,63,79,1.018721
9731,128.5,193.0,67,76,1.002345
9732,183.5,202.0,293,330,1.065741
9732,638.5,424.5,59,93,1.013604
9732,138.0,512.0,78,98,1.012731
9732,627.0,448.0,118,148,1.008502
9732,656.5,268.5,63,71,1.002862
9733,627.0,448.0,118,148,1.039897
9733,652.0,377.5,136,171,1.025029
9733,558.0,267.0,338,532,1.020292
9733,340.0,303.5,128,201,1.012933
9733,183.5,202.0,293,330,1.007823
9734,183.5,202.0,293,330,1.02281
9734,657.0,388.0,118,148,1.008401
9735,148.0,512.0,78,98,1.123039
9735,529.5,90.5,111,125,1.060808
9735,192.5,208.5,255,287,1.052762
9735,534.0,370.0,96,108,1.022205
9735,340.0,303.5,128,201,1.017236
9735,627.0,446.0,110,138,1.01177
9736,529.5,90.5,111,125,1.093491
9736,192.5,208.5,255,287,1.065163
9736,740.5,388.5,55,87,1.038025
9736,654.5,390.0,111,138,1.036042
9736,184.5,55.5,59,93,1.003234
9737,733.5,390.0,59,94,1.065501
9737,529.5,90.5,111,125,1.061192
9737,192.5,208.5,255,287,1.047121
9737,613.0,466.5,110,125,1.011675
9737,565.5,322.5,89,101,1.008041
9737,384.5,376.5,127,143,1.004185
9737,662.5,298.5,103,129,1.001374
9738,192.5,208.5,255,287,1.059785
9738,512.0,527.0,78,88,1.037571
9738,528.0,195.0,84,94,1.035545
9738,664.5,268.5,63,71,1.014031
9738,558.0,267.0,338,532,1.002463
9739,623.5,454.5,103,129,1.061217
9739,612.0,373.0,208,328,1.054557
9739,192.5,208.5,255,287,1.029389
9740,631.0,449.0,96,120,1.04685
9740,536.5,176.5,63,79,1.046156
9740,181.5,311.5,103,129,1.039853
9740,192.5,208.5,255,287,1.036502
9740,531.5,223.0,239,376,1.032216
9740,612.0,373.0,208,328,1.026401
9741,138.0,187.0,156,176,1.075391
9741,192.5,208.5,255,287,1.056827
9741,627.0,463.0,118,148,1.040344
9741,536.5,176.5,63,79,1.037896
9741,543.0,90.5,110,125,1.014753
9741,531.5,223.0,239,376,1.011941
9742,642.0,448.0,118,148,1.135301
9742,560.5,84.5,63,71,1.070587
9742,522.0,128.0,136,216,1.03113
9742,531.5,223.0,239,376,1.019007
9742,104.5,516.5,63,71,1.017757
9742,612.0,373.0,208,328,1.012158
9743,194.0,313.5,118,149,1.040741
9743,627.0,463.0,118,148,1.021352
9743,531.5,223.0,239,376,1.017104
9743,147.0,193.0,146,164,1.012056
9744,627.0,460.0,110,138,1.063921
9744,147.0,193.0,146,164,1.05103
9744,540.5,128.5,119,187,1.040983
9744,195.0,209.0,222,250,1.019495
9745,624.5,420.5,63,71,1.049484
9745,522.0,128.0,136,216,1.046083
9745,618.0,443.0,96,108,1.02487
9745,195.0,209.0,222,250,1.008304
9746,163.0,193.0,68,76,1.085808
9746,684.5,349.5,67,107,1.071224
9746,642.0,448.0,118,148,1.069896
9746,496.0,106.0,72,82,1.067951
9746,669.0,270.0,68,76,1.054704
9746,195.0,209.0,222,250,1.042359
9746,531.5,223.0,239,376,1.007883
9747,624.5,464.5,127,159,1.051982
9747,533.0,119.5,146,165,1.038384
9747,195.0,320.5,110,139,1.022697
9748,497.5,107.0,67,76,1.069034
9748,532.0,111.5,136,153,1.047995
9748,168.5,196.5,63,71,1.028689
9748,537.5,365.5,119,133,1.022284
9748,195.0,209.0,222,250,1.003069
9749,634.5,441.5,67,77,1.077896
9749,560.5,84.5,63,71,1.069458
9749,671.0,284.5,72,91,1.066766
9749,195.0,320.5,110,139,1.064469
9749,627.0,463.0,118,148,1.037826
9749,533.0,119.5,146,165,1.02537
9749,108.0,98.5,78,97,1.018105
9749,612.0,291.0,118,134,1.002824
9750,532.0,111.5,136,153,1.086631
9750,618.0,449.0,96,120,1.067334
9750,194.5,324.5,103,129,1.04962
9750,565.5,333.5,89,101,1.033959
9750,108.0,98.5,78,97,1.033384
9750,672.5,268.5,63,71,1.027251
9750,612.0,373.0,208,328,1.022054
9750,112.5,516.5,63,71,1.019761
9750,195.0,209.0,222,250,1.010779
9751,684.5,354.0,63,100,1.100329
9751,570.0,333.5,96,109,1.099583
9751,557.5,81.5,67,77,1.090939
9751,532.0,111.5,136,153,1.062942
9751,612.0,373.0,208,328,1.050783
9751,110.5,101.5,73,91,1.003273
9752,533.0,119.5,146,165,1.049225
9752,195.0,320.5,110,139,1.033085
9752,537.5,365.5,119,133,1.019143
9752,271.0,161.0,64,100,1.015742
9752,612.0,373.0,208,328,1.006577
9752,176.5,196.5,63,71,1.003953
9753,532.0,111.5,136,153,1.087635
9753,612.0,373.0,208,328,1.052683
9753,184.5,196.5,63,71,1.010799
9753,179.0,350.5,118,133,1.006537
9754,108.0,98.5,78,97,1.082166
9754,537.5,365.5,119,133,1.078878
9754,612.0,373.0,208,328,1.063939
9754,177.5,207.0,157,176,1.054661
9754,532.0,111.5,136,153,1.041972
9755,177.5,207.0,157,176,1.127843
9755,537.5,365.5,119,133,1.050793
9755,533.0,119.5,146,165,1.045409
9755,612.0,373.0,208,328,1.031192
9756,424.5,176.5,63,79,1.21963
9756,430.5,164.0,83,132,1.155753
9756,664.5,124.5,63,71,1.026467
9756,232.5,124.5,63,71,1.026315
9756,665.0,354.0,84,94,1.019334
9756,413.5,285.5,157,177,1.019191
9757,435.0,162.0,90,142,1.171464
9757,430.0,265.5,90,101,1.04696
9757,556.5,202.0,67,108,1.009781
9757,670.5,322.0,73,116,1.006633
